1 0.6750831765624999 0 0.179666446875 0.0585922859375 0.27797039843750004 0.9624710453124999 0.7853785734375001 0.9057844125000001 0.6882931046875 0 0.6750831765624999 0
0 0.2642411390625 0.3202253546875 0.26478052500000004 0.33074605 0.23698420781250001 0.33316480625 0.235675134375 0.3207098015625 0.22391952656249997 0.3216758328125 0.22484099687499998 0.3334774984375 0.21954117499999998 0.33460152656250003 0.23799870156249997 0.507178696875 0.2947416140625 0.5012147765625 0.2779187265625 0.32903279375 0.2728164703125 0.32900206718749997 0.27152756718750004 0.3194595203125 0.2642411390625 0.3202253546875
0 0.643876065625 0.733597471875 0.6384500937500001 0.7359204218750001 0.6422981875 0.75611213125 0.6489586328125 0.7514682640625 0.650799284375 0.7596009703125 0.7377670625 0.700503284375 0.7117438671875 0.607703975 0.624899628125 0.6632833609375 0.6274105609375 0.673099671875 0.6207045296875 0.67730981875 0.625985625 0.6947226265625 0.6327988671875 0.6891856734374999 0.643876065625 0.733597471875
0 0.36407268125000003 0.75462675625 0.358646709375 0.75694970625 0.36226683125000003 0.77536105 0.36915525 0.7724975484375001 0.3709959015625 0.7806302546875 0.4574354859375 0.7283235953125 0.43232579062500004 0.6341406609375 0.3450962453125 0.684312646875 0.34760717812499997 0.6941289578125 0.340901146875 0.698339103125 0.3461822421875 0.7157519125 0.352995484375 0.7102149578125 0.36407268125000003 0.75462675625
0 0.5611938375000001 0.47753320468749993 0.5637122 0.48896732343749993 0.5395024640625 0.5053152640625 0.5364400640625 0.49370510312500004 0.5258292390625 0.5004358296875 0.5288105203125 0.5125223578125 0.5240815359375001 0.5161252968750001 0.571276546875 0.6699835375000001 0.6207598953125 0.6308173953125 0.576211396875 0.4801653609375 0.5706449953125 0.483558853125 0.5675735796875 0.47311854531249997 0.5611938375000001 0.47753320468749993
0 0.3156167703125 0.6456866609375 0.31712016875 0.6568140812500001 0.2886154796875 0.6621869546875 0.287050234375 0.6504711078125001 0.2809560078125 0.6528936203125 0.28212919531249997 0.6640557484375 0.2745280953125 0.66485465625 0.2987987359375 0.8321927125 0.3548176234375 0.8215524671875001 0.3308987578125 0.6512083953125 0.32540403281249997 0.65297436875 0.324601196875 0.6453358890625001 0.3156167703125 0.6456866609375
0 0.48604056562500003 0.804789940625 0.47017268437500004 0.7619067234375 0.4755654265625 0.7559939703125 0.46941708125000003 0.738820346875 0.46423100625 0.743522921875 0.4593391109375 0.7351271609375 0.3786156671875 0.8095463453124999 0.412021353125 0.9016716718750001 0.49117607812499997 0.82504045625 0.4885355234375 0.815814540625 0.49473443125000005 0.8080350718749999 0.490627140625 0.8007439046875 0.48604056562500003 0.804789940625
0 0.353632403125 0.6131779140625 0.3508200640625 0.5641700796875 0.3588139984375 0.563924809375 0.35764789375 0.5473964328125 0.3508294109375 0.547808640625 0.35016991875 0.535726665625 0.252521 0.5222292625 0.2552726421875 0.624704396875 0.35248921875 0.634088346875 0.3525543953125 0.6251715765625 0.3600714546875 0.626757015625 0.359435921875 0.6143499234375 0.353632403125 0.6131779140625
0 0.4870203109375 0.747480528125 0.4824671359375 0.7530327125 0.48703041249999995 0.7692962015625 0.49276522500000003 0.7641267640625 0.495073603125 0.772509171875 0.5765503359374999 0.70052598125 0.545216028125 0.6114787734375 0.464921078125 0.6838460953125 0.46774083437499997 0.6916678093749999 0.46260440625 0.6998174140625 0.46471633749999997 0.711771865625 0.4721458671875 0.7064257046875 0.4870203109375 0.747480528125
0 0.44856378281250003 0.6449763 0.44474820781249996 0.657553759375 0.4517840578125 0.667468459375 0.4568333375 0.6557766171875 0.4616297078125 0.6633905796875 0.52001124375 0.5481707499999999 0.47455717656249996 0.4768423609375 0.4148167296875 0.592713359375 0.418377840625 0.5994418703125 0.413945484375 0.6115772109375001 0.4219856984375 0.6229085765625 0.4268056390625 0.61174778125 0.44856378281250003 0.6449763
0 0.51748855 0.49972879531250003 0.536480803125 0.471349209375 0.5423342390625 0.48088124375 0.5475760671875001 0.47373445 0.5428515703125 0.4640837609375 0.548376215625 0.4569072421875 0.48128159375 0.320882325 0.43773876874999995 0.3817771 0.5051863796875 0.5157343484375 0.50933371875 0.5117470453124999 0.5139528171875 0.5203949265625 0.5220884734375 0.5109148078125 0.51748855 0.49972879531250003
0 0.5574040890624999 0.37173588281250003 0.5711788624999999 0.33172825 0.5784624484374999 0.338573853125 0.5810772125 0.3281517765625 0.5755929671875 0.3221323390625 0.5782788265625001 0.30967361718749997 0.492294375 0.21114949218749998 0.46571240156249993 0.2976575203125 0.5504807671874999 0.3927580625 0.5523886265625 0.386470025 0.55810284375 0.39195695 0.5626062953125001 0.3777849640625 0.5574040890624999 0.37173588281250003
0 0.40895627812499996 0.25998935625 0.4073995015625 0.272330803125 0.38007694375 0.2594732984375 0.3817057390625 0.24509650781249998 0.37412108437499997 0.24082005781250002 0.37318172031249996 0.253602159375 0.36482126406250004 0.24737807968749997 0.3506682390625 0.40868557812499995 0.40591096093749995 0.4373808375 0.4223753390625 0.27633735000000004 0.41759516718749995 0.27430365156250003 0.41789920937499997 0.2636161015625 0.40895627812499996 0.25998935625
0 0.394891053125 0.5171796 0.397430715625 0.47074308125000003 0.405086465625 0.4729828859375 0.4048622984375 0.457277225 0.3982645359375 0.4569567890625 0.3989224921875 0.44420287031249994 0.3011828765625 0.4103353 0.2975499015625 0.5061021703125 0.3920409984375 0.5443695171875 0.39335032812500004 0.5350999296875 0.3995943234375 0.537488115625 0.4010112515625 0.521103025 0.394891053125 0.5171796
0 0.7265677296875 0.57786460625 0.7290542578125 0.590722353125 0.7400906203125001 0.5850208390625 0.7374096437500001 0.575716775 0.743656484375 0.57304220625 0.7113316625 0.4059068734375 0.65339695625 0.42713175000000003 0.68722995 0.595118265625 0.6937563531250001 0.592412915625 0.6951916406249999 0.6033631515625 0.703279403125 0.602007546875 0.7005832375 0.58715523125 0.7265677296875 0.57786460625
0 0.6441173390625 0.23083473125 0.646603721875 0.2436910953125 0.62218044375 0.2543300828125 0.61972754375 0.244497896875 0.611797009375 0.247349428125 0.6143358015625 0.26070443593750003 0.6085458921875 0.2623226765625 0.6456086046875 0.4259323390625 0.701124528125 0.3978979921875 0.66378210625 0.2343177296875 0.658097015625 0.23693325468749998 0.655258665625 0.2261318828125 0.6441173390625 0.23083473125
0 0.5692966937499999 0.1286960921875 0.5646178984375 0.081713896875 0.572102190625 0.081388125 0.5701377812499999 0.0626980203125 0.5630536171875 0.0643643109375 0.561199221875 0.051653795312499994 0.4652786 0.06403974999999999 0.47823733125 0.170068809375 0.5732929359375001 0.1568520578125 0.572655778125 0.1458570375 0.57927505 0.144700465625 0.5766851671875 0.12745867500000002 0.5692966937499999 0.1286960921875
0 0.34313724218749997 0.2142269609375 0.3370930203125 0.2208547859375 0.341784671875 0.2309628015625 0.3474598203125 0.22575634375 0.3524086484375 0.23583732968749999 0.4282583984375 0.150893540625 0.3926499875 0.058767904687500004 0.31692633125 0.1473853046875 0.31942383125 0.1563413625 0.314148665625 0.1628869578125 0.3200886078125 0.1774723546875 0.3261329734375 0.1708459125 0.34313724218749997 0.2142269609375
0 0.2624772625 0.1720047046875 0.2674253140625 0.182085775 0.2500901015625 0.2120229078125 0.2456860484375 0.20465120625000002 0.23678693750000002 0.2161876703125 0.2413186390625 0.22723281874999998 0.23799900156249998 0.2326525609375 0.3118986625 0.35854816718750004 0.34974422031249996 0.291886771875 0.27791339531250003 0.16346943281249998 0.272990446875 0.170899725 0.26884279375000003 0.163501075 0.2624772625 0.1720047046875