1 0.2275609375 0.0275263890625 0.2308453125 0.9367291671875 0.74139921875 0.9333916671875 0.73952265625 0.02086944375 0.2275609375 0.0275263890625
0 0.33730859375 0.172052778125 0.33653515624999997 0.154634721875 0.3290578125 0.15509305625 0.329315625 0.10787916718749999 0.33679296875000003 0.1083375 0.33679296875000003 0.08954444375000001 0.3295734375 0.0904611109375 0.3290578125 0.0776263890625 0.23236796875 0.07991805625000001 0.23417265625 0.18672083281250001 0.33008906250000003 0.1835125 0.3306046875 0.1725111109375 0.33730859375 0.172052778125
0 0.51280234375 0.3440916671875 0.5088585937500001 0.33358194375 0.50244921875 0.3440916671875 0.50392890625 0.355477778125 0.48125156249999995 0.382627778125 0.47779999999999995 0.3747458328125 0.4708984375 0.3808763890625 0.47533515625 0.390509721875 0.47155781250000006 0.39583055625 0.5231546875 0.53501944375 0.57048125 0.476340278125 0.5167460937499999 0.3397125 0.51280234375 0.3440916671875
0 0.28746015625 0.2518958328125 0.28717578125 0.2422708328125 0.27984921875 0.2422708328125 0.27928593749999997 0.252790278125 0.25138906250000004 0.252290278125 0.25138906250000004 0.2397666671875 0.23959687500000001 0.2394986109375 0.2392796875 0.25133194375 0.23389140625 0.2518958328125 0.23420859374999997 0.42545694375 0.2912640625 0.42545694375 0.29253125 0.252459721875 0.28746015625 0.2518958328125
0 0.42037578125 0.6098583328125 0.42669687500000003 0.606115278125 0.43723203125000004 0.6480388890625 0.43301796875000004 0.6547777781249999 0.43638984374999995 0.6682527781250001 0.44313203124999995 0.6607666671875 0.44439609375 0.6682527781250001 0.5299414062500001 0.5941361109375001 0.50395546875 0.5082375 0.418690625 0.581409721875 0.42164062500000005 0.5911416671875 0.41574062500000003 0.5956333328125 0.42037578125 0.6098583328125
0 0.38290390625000004 0.520847221875 0.38922500000000004 0.5171041671875 0.39976015625 0.559027778125 0.39554609375 0.565765278125 0.3989171875 0.5792416671875 0.40566015625 0.5717555562500001 0.40692421875000007 0.5792416671875 0.49246953125 0.5051249999999999 0.46648359375000004 0.4192263890625 0.38121796875 0.4923986109375 0.38416796875000003 0.50213055625 0.37826875000000004 0.5066222218750001 0.38290390625000004 0.520847221875
0 0.727190625 0.4090861109375 0.727190625 0.39595694375 0.71579765625 0.39595694375 0.71579765625 0.41018055625 0.68900859375 0.40525694375 0.6902398437499999 0.393222221875 0.6819265624999999 0.392675 0.6816187499999999 0.4058041671875 0.67468046875 0.4053513890625 0.66961015625 0.569365278125 0.72657421875 0.57811805625 0.73365625 0.41072638906250003 0.727190625 0.4090861109375
0 0.66252734375 0.3970513890625 0.66252734375 0.38446944375 0.65298203125 0.383375 0.65175078125 0.39595694375 0.6252695312500001 0.392675 0.6246539062500001 0.383375 0.6172640625 0.38282916718750004 0.6166484375 0.393222221875 0.60901328125 0.39402222187499997 0.60710234375 0.5622541671875 0.6634515624999999 0.5638958328125 0.66683828125 0.3965041671875 0.66252734375 0.3970513890625
0 0.6214906250000001 0.902359721875 0.61902734375 0.8911749999999999 0.6403789062499999 0.86831805625 0.64503203125 0.8760986109375001 0.65488671875 0.8658875 0.65050703125 0.8551875000000001 0.6557078125 0.8483791671875001 0.60643515625 0.70540555625 0.55766796875 0.7584069437500001 0.6056140625 0.9047916671875 0.60999375 0.89895555625 0.6132789062499999 0.907709721875 0.6214906250000001 0.902359721875
0 0.709634375 0.8104472218750001 0.71483515625 0.7900222218749999 0.71045546875 0.7875916671875001 0.723046875 0.749172221875 0.7282484375 0.7535499999999999 0.7329015625 0.7375013890625 0.72797421875 0.731665278125 0.7307117187500001 0.7219402781250001 0.64757421875 0.63535694375 0.61957421875 0.7224263890625 0.7014218750000001 0.8114208328125001 0.70333828125 0.8036388890625 0.709634375 0.8104472218750001
0 0.29623984375 0.58735 0.2951265625 0.6011861109375001 0.30208046875 0.60266944375 0.29874296875 0.650602778125 0.29178906250000003 0.64911944375 0.2901203125 0.6683916671875 0.29596171875 0.669875 0.29596171875 0.67679305625 0.391090625 0.6975472218750001 0.39621875 0.5966666671875 0.303471875 0.5774666671875 0.30180234375000003 0.58883194375 0.29623984375 0.58735
0 0.2625828125 0.4618333328125 0.26814609375 0.4643041671875 0.2625828125 0.51273194375 0.25618515625 0.5102611109375 0.25451640625 0.5250861109375 0.25980078125 0.5285458328125 0.25868828125 0.5369458328125 0.35353984375 0.5764791671875 0.366334375 0.477647221875 0.27307421875000004 0.4360333328125 0.27176171875 0.4460208328125 0.2648078125 0.44355 0.2625828125 0.4618333328125
0 0.40795000000000003 0.28928194375 0.40629140625 0.2822111109375 0.39998828125 0.286925 0.383734375 0.24803055624999998 0.39003671875 0.23624444375000003 0.383734375 0.2256375 0.3771 0.2327083328125 0.3734515625 0.2244583328125 0.29789609375000003 0.3199388890625 0.330328125 0.4006625 0.40761796875 0.3046041671875 0.40430078125 0.29576527812500003 0.40795000000000003 0.28928194375
0 0.3605140625 0.40301944375 0.36781171874999996 0.3971263890625 0.38207578125 0.44014583281249997 0.3771 0.44780694375 0.38041718750000003 0.46018194375 0.3850609375 0.4531111109375 0.38871015625 0.4631291671875 0.4713078125 0.372375 0.43818671875000004 0.28863055625 0.3605140625 0.375322221875 0.3625046875 0.3847513890625 0.35653359375 0.391822221875 0.3605140625 0.40301944375
0 0.51343515625 0.30931944375 0.51675234375 0.2993013890625 0.5114453125 0.2945861109375 0.52338671875 0.250977778125 0.52803046875 0.2545138890625 0.5336703125 0.23801250000000002 0.5270359375 0.2327083328125 0.5296890624999999 0.2232791671875 0.4426640625 0.1517236109375 0.42121796875 0.2427263890625 0.5044789062499999 0.316390278125 0.5071328125 0.30578333281250003 0.51343515625 0.30931944375
0 0.338953125 0.149702778125 0.34591875 0.1432208328125 0.3591875 0.184472221875 0.3535484375 0.1921333328125 0.35719687499999997 0.20863472187499998 0.3648265625 0.19979444375 0.36781171874999996 0.2104013890625 0.44775546874999994 0.1249513890625 0.41938203124999995 0.0381638890625 0.338953125 0.12200555625000001 0.341275 0.13084444374999998 0.33629921875 0.13732777812500002 0.338953125 0.149702778125
0 0.59962578125 0.398047221875 0.6046015625 0.39097499999999996 0.59829921875 0.382134721875 0.61621171875 0.34383055625000003 0.6225140625 0.35208055625 0.62948046875 0.337347221875 0.623178125 0.3296861109375 0.62715859375 0.3202583328125 0.5569859375 0.212747221875 0.5190187500000001 0.29138194375 0.59066953125 0.3986361109375 0.59431875 0.3921541671875 0.59962578125 0.398047221875
0 0.6165437500000001 0.1435513890625 0.6112359374999999 0.1353013890625 0.60261171875 0.1500333328125 0.60791875 0.158284721875 0.5890109375 0.1930541671875 0.5843671875 0.18362499999999998 0.5777328125000001 0.1906958328125 0.58270859375 0.20248333281250003 0.5802679687500001 0.208502778125 0.64606640625 0.3303625 0.6868671875000001 0.257877778125 0.62185078125 0.138247221875 0.6165437500000001 0.1435513890625
0 0.62848515625 0.054565278125000005 0.636778125 0.059869443749999994 0.6298125 0.1070138890625 0.6221828125 0.1058361109375 0.61952890625 0.119390278125 0.62483671875 0.1223361109375 0.623509375 0.131765278125 0.71506328125 0.1889291671875 0.7333078125 0.08874583281250001 0.64145859375 0.034449999999999995 0.6394320312499999 0.0469041671875 0.63147109375 0.0416013890625 0.62848515625 0.054565278125000005