1 0.5466827796875 0 0.1516800171875 0.09304744375 0.370618303125 0.9789178390625001 0.866813990625 0.8586420328125 0.6560220718750001 0 0.5466827796875 0
0 0.5769186015625001 0.13719970937499998 0.6701538515625 0.116183684375 0.667698940625 0.1073871171875 0.6755608578125 0.1058348734375 0.6707086375 0.0854533125 0.6635642359375 0.088049084375 0.6514421265625 0.042184592187499995 0.6584413890625 0.0408474328125 0.6544346671875 0.02420575 0.6478082859375001 0.025301075 0.645156934375 0.0159265296875 0.5526090171875 0.0384430703125 0.5769186015625001 0.13719970937499998
0 0.46665876093750003 0.1386776 0.559894009375 0.117661575 0.5574391000000001 0.1088650109375 0.5653010171874999 0.107312765625 0.5604487953125 0.0869312046875 0.55330439375 0.089526975 0.5411822843749999 0.0436624859375 0.5481815484375 0.0423253234375 0.544174825 0.0256836421875 0.5375484453125 0.026778965625 0.5348970937499999 0.017404421875 0.44234917500000004 0.0399209609375 0.46665876093750003 0.1386776
0 0.399442846875 0.8283154609375 0.3577623796875 0.659833121875 0.3523977359375 0.660589525 0.349227228125 0.649184428125 0.3378501671875 0.652297309375 0.340879903125 0.664448915625 0.3139326453125 0.671682928125 0.3108412125 0.6616122265625 0.3037322796875 0.6633846828125 0.30578485 0.672792575 0.30100080625 0.6745665234375 0.34408216875000003 0.8421184281249999 0.399442846875 0.8283154609375
0 0.4647801125 0.8293665562499999 0.4230996453125 0.6608842171875 0.4177350015625 0.661640621875 0.41456449375000004 0.6502355234375 0.4031874328125 0.6533484046875 0.40621716875 0.6655000109375 0.3792699109375 0.6727340234375 0.376178478125 0.662663321875 0.3690695453125 0.664435778125 0.3711221171875 0.6738436703125 0.3663380734375 0.67561761875 0.40941943593749996 0.8431695234375001 0.4647801125 0.8293665562499999
0 0.375543325 0.515441071875 0.2865072140625 0.401351634375 0.28189143125 0.4112440859375 0.274137784375 0.40219266249999996 0.2713987265625 0.41325043125 0.2775717828125 0.4214749484375 0.2660826265625 0.4566836078125 0.257719778125 0.4465645171875 0.252572971875 0.45761139375 0.2597860703125 0.46862835937499997 0.257337603125 0.475342353125 0.34889705000000004 0.5904358890625 0.375543325 0.515441071875
0 0.6798069953125 0.6595311749999999 0.591650290625 0.542041890625 0.5870345078125 0.551934340625 0.5792808593750001 0.5428829187499999 0.5765418015625 0.5539406875 0.582714859375 0.5621652046875 0.5712257015625 0.5973738625 0.5628628546875001 0.587254771875 0.557716046875 0.598301646875 0.5649291453124999 0.609318615625 0.562480678125 0.616032609375 0.6540401250000001 0.73112614375 0.6798069953125 0.6595311749999999
0 0.479935365625 0.1901187203125 0.38016984374999996 0.17172875781250002 0.39155604374999997 0.271055159375 0.4905035609375 0.2901686765625 0.48922507499999995 0.277978365625 0.4967427125 0.2787106015625 0.49509621875 0.2650475171875 0.4880088890625 0.2636869609375 0.48184644218750006 0.2177894390625 0.4901926203125 0.218315096875 0.4877527125 0.1991156125 0.48066538437500006 0.19775505625 0.479935365625 0.1901187203125
0 0.45566281249999996 0.6185918781249999 0.45363212031250005 0.7115871703125001 0.5556736171875001 0.7686960875 0.5560997171875 0.760742871875 0.5655885265625 0.763371228125 0.56497245625 0.7464037625 0.55594726875 0.7408070171875 0.5555190703124999 0.6988260953125 0.56500754375 0.701453103125 0.5655637875 0.6891875296875 0.5572518578125 0.6848400625 0.5566297046875001 0.6742939781249999 0.45566281249999996 0.6185918781249999
0 0.81234775625 0.7258548140625 0.779635609375 0.557813153125 0.7758144484375 0.558950528125 0.77316915 0.5442653828124999 0.759563596875 0.5467558421875001 0.7631655453125 0.5612024671875 0.7374987546875 0.56218546875 0.7336851249999999 0.5468898359375001 0.72720025 0.549408484375 0.729210165625 0.5615452546874999 0.7211329234375 0.5617527015625 0.753626853125 0.7287608984375 0.81234775625 0.7258548140625
0 0.783855309375 0.805167578125 0.7018096703125 0.67475060625 0.69685705 0.681154246875 0.6903730359375 0.6697966125 0.68294331875 0.6818435359375 0.68811865 0.6921375640625 0.6714277937500001 0.72039538125 0.664996978125 0.7113405015625001 0.66171724375 0.7191091468749999 0.667224184375 0.728640578125 0.663554971875 0.7322636375 0.748098525 0.8655332671875 0.783855309375 0.805167578125
0 0.694311121875 0.8226352531250001 0.614137128125 0.6918260609375 0.6094603125 0.69782455625 0.603057709375 0.6878365203125 0.5965297640625 0.6982687078125001 0.602795625 0.7087546140625001 0.5849020609375 0.7405558703125 0.5793448046874999 0.730819409375 0.5751915109375 0.7392696359375 0.5807484296875 0.7490047484375 0.577524784375 0.7549057359375 0.6604606296875 0.886681028125 0.694311121875 0.8226352531250001
0 0.5522708640625 0.59724306875 0.5867161125 0.46350691718750003 0.5293617734375 0.40579569531250004 0.49531255781250005 0.540103003125 0.5029426703125 0.547280021875 0.5003405828124999 0.5544145046875 0.5065963625000001 0.5619341828125 0.510038540625 0.5552401031249999 0.5363227578124999 0.5830591078125 0.5354740171875 0.59429685625 0.544287278125 0.6018273109375001 0.5462805281249999 0.5922509171875 0.5522708640625 0.59724306875
0 0.4804940078125 0.5450945375 0.4905886671875 0.4547708078125 0.39265252500000003 0.38605161718750003 0.39088985625 0.39362380468749997 0.383868159375 0.3888902328125 0.382788921875 0.40212930468749997 0.3894270703125 0.40825679062500003 0.383208509375 0.45066678906249996 0.37733064843749997 0.447591878125 0.376177153125 0.457607325 0.3821682484375 0.46259928749999996 0.38185408593750003 0.473055321875 0.4804940078125 0.5450945375
0 0.506935125 0.4432289546875 0.5133298015625 0.3509892515625 0.4123273078125 0.293655634375 0.4117481234375 0.30158260625 0.4040393015625 0.297018921875 0.4033383203125 0.3147041078125 0.41108611718750004 0.31796121875 0.40765150468750005 0.36421609374999997 0.402156771875 0.359748803125 0.40069885781250003 0.36854329531249996 0.406536984375 0.3729249671875 0.40645416250000005 0.3813766078125 0.506935125 0.4432289546875
0 0.6843860890625 0.3159709625 0.6402895421875 0.2317367671875 0.5727426265625 0.31916225625 0.5786156140625 0.3280756625 0.57208061875 0.3355408703125 0.5780271078125 0.34767808906250003 0.5840271890625 0.340993246875 0.6048815234375 0.379246925 0.599034409375 0.38654205468749997 0.6089479953125 0.4028775875 0.612350440625 0.3974902703125 0.6162788984375001 0.40299650312499996 0.6843860890625 0.3159709625
0 0.5738981 0.1420036890625 0.4931316953125 0.198988315625 0.528070671875 0.29080338906250003 0.6103940484375 0.235904040625 0.6065442984375 0.22778446875 0.6114737078125 0.22266343125 0.6075107234375 0.2126268125 0.6007889953125 0.21495115625 0.5851339624999999 0.168267009375 0.5897195546875 0.1632331265625 0.5829381828125 0.14481835781250002 0.57613808125 0.149757384375 0.5738981 0.1420036890625
0 0.36490095624999996 0.1797225875 0.345140084375 0.0783159640625 0.24841584375 0.086975684375 0.2487171375 0.0935351390625 0.2429416046875 0.094975140625 0.24646885937500002 0.11447321875000001 0.253834121875 0.114058240625 0.26280931406249997 0.15968245625 0.2548302515625 0.1597766765625 0.25741393437500004 0.173349234375 0.265643909375 0.17319245625 0.267782725 0.184980746875 0.36490095624999996 0.1797225875
0 0.318318971875 0.2614256625 0.264784796875 0.1892423203125 0.2136356078125 0.30695465624999996 0.21990748437500002 0.3139220921875 0.21708088281250001 0.3250517859375 0.22560903125 0.3357208328125 0.230247796875 0.326508296875 0.255079928125 0.35870158281250003 0.250972225 0.36683411875 0.2613945171875 0.3808212734375 0.26541948125000003 0.371287978125 0.27043570156249996 0.378567053125 0.318318971875 0.2614256625