1 0.2308453125 0.0632708328125 0.2275609375 0.9724736109375 0.73952265625 0.97913055625 0.74139921875 0.0666083328125 0.2308453125 0.0632708328125
0 0.39802734375000004 0.23232222187499998 0.34769843749999996 0.37433611093749997 0.3959796875 0.4336375 0.4480640625 0.29214444375 0.44162656250000004 0.283822221875 0.44543046875 0.2754986109375 0.439578125 0.267175 0.43548203125 0.2765388890625 0.41265859374999997 0.2474083328125 0.41704765625 0.236484721875 0.40739140625000003 0.2266 0.40300234375 0.237525 0.39802734375000004 0.23232222187499998
0 0.32927734375 0.21565555625 0.27734375 0.35555555625 0.325 0.4166666671875 0.3793140625 0.275477778125 0.3728765625 0.26715555625 0.37668046875 0.25883194375 0.370828125 0.2505083328125 0.36673203125 0.259872221875 0.34390859375 0.2307416671875 0.34829765625000003 0.21981805625 0.33864140625 0.2099333328125 0.33425234375 0.2208583328125 0.32927734375 0.21565555625
0 0.33657265625 0.8223444437499999 0.24102265625000002 0.8201805562500001 0.2412765625 0.8293097218750001 0.23327265625 0.8289138890625001 0.23304999999999998 0.8498638890624999 0.24061015624999998 0.8490736109375 0.2412765625 0.8965083328125001 0.23416171874999997 0.8961124999999999 0.23402343750000001 0.9132291671875 0.24071796875 0.91376944375 0.24102265625000002 0.92350694375 0.33626875 0.9240486109375 0.33657265625 0.8223444437499999
0 0.67267109375 0.408875 0.67267109375 0.5805138890625 0.732675 0.5845236109374999 0.73493046875 0.4136875 0.73041875 0.41288611093750005 0.73041875 0.3984486109375 0.71778671875 0.39604305625 0.7173359375 0.41128194375 0.6907171875 0.41128194375 0.69026640625 0.395240278125 0.68034140625 0.395240278125 0.68034140625 0.409677778125 0.67267109375 0.408875
0 0.6497453125 0.605002778125 0.64453125 0.777777778125 0.70400703125 0.7816736109375 0.70914921875 0.6095208328124999 0.7046375 0.60871944375 0.7046375 0.59428194375 0.69200546875 0.5918763890625 0.6915546875 0.607115278125 0.66378515625 0.606927778125 0.6642609375 0.59508055625 0.65521640625 0.5946583328124999 0.65521640625 0.6048125 0.6497453125 0.605002778125
0 0.61524609375 0.7813583328125 0.6149289062500001 0.95491944375 0.6203171875 0.9554833328125 0.6206343750000001 0.9673166671875 0.6298265625 0.9673166671875 0.63014375 0.956609721875 0.6551843749999999 0.956609721875 0.6551843749999999 0.9673166671875 0.66786328125 0.9661888890625001 0.66849765625 0.95491944375 0.67356875 0.95435555625 0.6723015625000001 0.7813583328125 0.61524609375 0.7813583328125
0 0.38860937500000003 0.78079444375 0.37022499999999997 0.87771805625 0.46151406250000004 0.9323791671875 0.46404921874999994 0.924490278125 0.47038906249999995 0.9295611109375 0.47450937499999996 0.9081486109375 0.4675359375 0.9030763890625 0.47799609375 0.86025 0.48275078125000004 0.86306805625 0.48592031249999995 0.8489791671875 0.47958125 0.8439083328124999 0.4814828125 0.8365819437500001 0.38860937500000003 0.78079444375
0 0.3778328125 0.588075 0.36578750000000004 0.686125 0.45739296874999996 0.726134721875 0.45929453125 0.7137374999999999 0.46690234375 0.7159916671875 0.4681703125 0.70303055625 0.461196875 0.69965 0.46721953125000004 0.6528791671875 0.47419296875 0.6556958328125 0.47577734375 0.6365375 0.46880390624999996 0.63315555625 0.46975468749999993 0.6252666671875 0.3778328125 0.588075
0 0.4196734375 0.4810083328125 0.40002109375000006 0.5751138890624999 0.490675 0.628084721875 0.49321093749999995 0.61963194375 0.49986718750000003 0.6218861109375 0.5030375 0.6077972218750001 0.4960640625 0.603290278125 0.5049390625 0.5599000000000001 0.51064453125 0.5644083328125 0.51539921875 0.5475027781249999 0.509059375 0.5429944437499999 0.51096171875 0.5345416671875001 0.4196734375 0.4810083328125
0 0.47419296875 0.4624125 0.560409375 0.5317236109375 0.562628125 0.5227083328125001 0.56865078125 0.5260888890625 0.57118671875 0.5170736109375 0.5651640625 0.5086208328125 0.576575 0.46635694375 0.58259765625 0.47142916718750005 0.58735234375 0.4545236109375 0.5806960937500001 0.44888888906249996 0.58449921875 0.43874583281249996 0.49986718750000003 0.3688708328125 0.47419296875 0.4624125
0 0.5439265625 0.75938194375 0.6377507812500001 0.77966805625 0.6453585937499999 0.677109721875 0.5467796875000001 0.6573861109375 0.5467796875000001 0.6652763890625 0.539171875 0.6647125 0.53885546875 0.686125 0.5464625 0.6883791671874999 0.5445609375 0.732897221875 0.53663671875 0.73176944375 0.5369531249999999 0.74585694375 0.5442437499999999 0.748675 0.5439265625 0.75938194375
0 0.5998820312500001 0.4695875 0.568403125 0.62938055625 0.62324375 0.66528055625 0.6547226562499999 0.5051361109375 0.6497734375 0.5012638890625001 0.651753125 0.4875375 0.64165625 0.48190555625 0.63828984375 0.49492916718749996 0.61354296875 0.47733055625 0.6149281249999999 0.466772221875 0.60740546875 0.46325138906249996 0.6042375 0.47381111093749995 0.5998820312500001 0.4695875
0 0.5735671875 0.317784721875 0.64539140625 0.4247986109375 0.682671875 0.347577778125 0.609821875 0.236915278125 0.60674296875 0.245427778125 0.60092890625 0.236915278125 0.59408828125 0.25150833281249996 0.5995609375 0.2612375 0.5810921875 0.300759721875 0.5766453125 0.29224722187499996 0.571515625 0.3013666671875 0.5766453125 0.31048749999999997 0.5735671875 0.317784721875
0 0.61973984375 0.23630694375 0.69293203125 0.33845694375 0.69635234375 0.330552778125 0.70353515625 0.3396736109375 0.70934921875 0.32690416718750004 0.704903125 0.315352778125 0.7223460937499999 0.2800861109375 0.727134375 0.286775 0.7329484374999999 0.2758291671875 0.72781875 0.26731666718749997 0.73158046875 0.2594125 0.65462578125 0.15483055625 0.61973984375 0.23630694375
0 0.5291046875000001 0.34028194375 0.5934046875 0.219890278125 0.55270390625 0.14814305625 0.48635234374999997 0.272790278125 0.49079843749999996 0.27826249999999997 0.48635234374999997 0.28920694375 0.49182499999999996 0.298934721875 0.4969546875 0.28981527812499996 0.51576640625 0.32325694375 0.51200390625 0.33359305625 0.51816015625 0.343322221875 0.52431640625 0.3342013890625 0.5291046875000001 0.34028194375
0 0.4555703125 0.2861666671875 0.4061421875 0.42716805625000004 0.41145 0.43452638906249996 0.4080296875 0.4448638890625 0.41555390625 0.45276805624999994 0.4203421875 0.44121527812499994 0.44154765625000003 0.4643208328125 0.43778515625000003 0.47648194374999997 0.44838828125 0.48560138906250006 0.45146640624999995 0.477697221875 0.455228125 0.48073750000000004 0.5037953125 0.3372416671875 0.4555703125 0.2861666671875
0 0.242309375 0.42958194375 0.2799203125 0.58875555625 0.28491328125000004 0.5852041671875 0.28757578125 0.59585555625 0.295896875 0.59053055625 0.293234375 0.5798791671875 0.32052734374999997 0.5597611109375 0.32318984375 0.57159444375 0.3288484375 0.5674527781250001 0.32618515625 0.554434721875 0.3315109375 0.5532513890625 0.295896875 0.3934875 0.242309375 0.42958194375
0 0.33850078125 0.5704111109375 0.25296015625 0.6544361109375 0.25562265625 0.660352778125 0.24963203125 0.6662708328125 0.25662109375000003 0.68165555625 0.260615625 0.6745541671875 0.27492734375 0.7201166671875 0.26926953125 0.7254416671875 0.27193203125 0.73609305625 0.277590625 0.731359721875 0.281584375 0.74141805625 0.36512812499999997 0.65561944375 0.33850078125 0.5704111109375