1 0.2275609375 0.0275263890625 0.2308453125 0.9367291671875 0.74139921875 0.9333916671875 0.73952265625 0.02086944375 0.2275609375 0.0275263890625
0 0.29462421875 0.070952778125 0.28792968750000003 0.07149305624999999 0.28806796874999996 0.088609721875 0.2951828125 0.0882138890625 0.29451640625 0.1356486109375 0.28695624999999997 0.13485833281249998 0.28717890625 0.1558083328125 0.2951828125 0.1554125 0.29492890625 0.16454166718750002 0.39047890625 0.162377778125 0.390175 0.0606736109375 0.29492890625 0.06121527812500001 0.29462421875 0.070952778125
0 0.31493671875 0.2042861109375 0.3082421875 0.2048263890625 0.30838046874999997 0.22194305625 0.3154953125 0.221547221875 0.31482890625 0.26898194375 0.30726875 0.2681916671875 0.30749140625 0.2891416671875 0.3154953125 0.2887458328125 0.31524140625 0.297875 0.41015625 0.3 0.4125 0.20277777812500003 0.31524140625 0.1945486109375 0.31493671875 0.2042861109375
0 0.72709140625 0.41174722187499996 0.72680703125 0.402122221875 0.7194804687499999 0.402122221875 0.7189171875 0.4126416671875 0.6910203125 0.4121416671875 0.6910203125 0.39961805625 0.6792281250000001 0.39935 0.6789109375 0.41118333281249997 0.6735226562500001 0.41174722187499996 0.67383984375 0.5853083328124999 0.7308953125000001 0.5853083328124999 0.7321625 0.41231111093750006 0.72709140625 0.41174722187499996
0 0.61214140625 0.2908708328125 0.6125921875 0.2748291671875 0.6392109375 0.2748291671875 0.63966171875 0.29006805625 0.65229375 0.28766250000000004 0.65229375 0.273225 0.65680546875 0.2724236109375 0.65455 0.10158750000000001 0.59454609375 0.10559722187500001 0.59454609375 0.2772361109375 0.60221640625 0.27643333281250004 0.60221640625 0.2908708328125 0.61214140625 0.2908708328125
0 0.49384296875 0.19873055625 0.4871484375 0.1992708328125 0.48728671874999996 0.2163875 0.49440156249999995 0.2159916671875 0.49373515625 0.26342638906250004 0.48617499999999997 0.2626361109375 0.48639765625000003 0.2835861109375 0.49440156249999995 0.28319027812500003 0.49414765625 0.29231944374999996 0.58799921875 0.2975513890625 0.59092734375 0.1951861109375 0.49414765625 0.18899305625 0.49384296875 0.19873055625
0 0.5663101562499999 0.45702499999999996 0.56323203125 0.44912083281250004 0.55262890625 0.458240278125 0.55639140625 0.4704013890625 0.5351859375 0.49350694375000004 0.53039765625 0.4819541671875 0.5228734375 0.4898583328125 0.52629375 0.5001958328125 0.5209859375 0.5075541671875 0.5704140625 0.64855555625 0.6186390625 0.5974805562500001 0.570071875 0.45398472187500005 0.5663101562499999 0.45702499999999996
0 0.62196796875 0.77373055625 0.6152734375 0.7742708328125001 0.61541171875 0.7913875 0.6225265624999999 0.7909916671875 0.62186015625 0.8384263890625 0.6143 0.8376361109375001 0.61452265625 0.8585861109374999 0.6225265624999999 0.8581902781249999 0.6222726562500001 0.8673194437499999 0.71875 0.8736111109375001 0.71953125 0.76944444375 0.6222726562500001 0.76399305625 0.62196796875 0.77373055625
0 0.36721328125 0.727297221875 0.37629531250000003 0.71871944375 0.37288984375 0.7071138890625 0.39474453125000003 0.680875 0.39956953125 0.6909666671875 0.40552968749999996 0.68440694375 0.40183984375000004 0.674315278125 0.40808437499999994 0.66775555625 0.3578125 0.5263888890625 0.309375 0.5833333328125 0.35898203125 0.7217458328124999 0.3635234375 0.7182138890624999 0.36721328125 0.727297221875
0 0.5594203125 0.1429958328125 0.55645390625 0.1265861109375 0.550190625 0.12834444375 0.5445859375000001 0.080875 0.55150859375 0.07794444375000001 0.5498609375 0.066809721875 0.5439265625 0.06798194375 0.5416195312500001 0.05801944375 0.44799765625 0.0966986109375 0.4608546875 0.195740278125 0.55381640625 0.1558888890625 0.55183828125 0.1465125 0.5594203125 0.1429958328125
0 0.43942734375 0.2643083328125 0.43382265625 0.25961944375 0.42887812500000005 0.2742708328125 0.43382265625 0.28071805625 0.42129609375 0.3234986109375 0.41470312500000006 0.318225 0.412065625 0.32701527812500003 0.4170109375 0.3328763890625 0.4143734375 0.3451833328125 0.49777578125 0.4243 0.52282890625 0.3363916671875 0.44272343750000004 0.25551805625 0.43942734375 0.2643083328125
0 0.6207359375 0.5122069437500001 0.6263398437500001 0.505175 0.6207359375 0.4916958328125 0.64117421875 0.45887638906249995 0.64644921875 0.46708055625 0.6527125 0.45184444375000005 0.6497453125 0.44598333281249997 0.653371875 0.43895138906250003 0.58645234375 0.3188111109375 0.545575 0.3891361109375 0.61150546875 0.5104486109375 0.61513203125 0.504002778125 0.6207359375 0.5122069437500001
0 0.26438125 0.3418833328125 0.26504062500000003 0.35536249999999997 0.27295234375 0.35301805625 0.27493046875 0.40107499999999996 0.26734843750000004 0.40341805624999993 0.26899687499999997 0.421 0.27558984375 0.41865555624999995 0.27558984375 0.4280333328125 0.3692109375 0.409865278125 0.36459609375 0.3114083328125 0.27031484375 0.326059721875 0.27163359374999996 0.338952778125 0.26438125 0.3418833328125
0 0.4562390625 0.5409236109375 0.457228125 0.52744444375 0.44832734375000005 0.526272221875 0.45393203125000003 0.47704444375 0.46151406250000004 0.47880277812500005 0.46316171875 0.4612208328125 0.4562390625 0.4600486109375 0.4575578125 0.4495 0.36360703125 0.41726666718749994 0.352728125 0.5192388890624999 0.44602031249999996 0.54795555625 0.44766796875 0.539165278125 0.4562390625 0.5409236109375
0 0.5056875 0.6915375 0.50436875 0.6798166671875 0.5277742187500001 0.6645791671875 0.5304109375 0.6763013890625 0.54063046875 0.6698541671875 0.53766328125 0.660477778125 0.5432671874999999 0.6552027781249999 0.5162359375000001 0.49696944375 0.45986562500000006 0.5256861109375001 0.489534375 0.6862638890625 0.49381953125000005 0.68450555625 0.49645703125 0.6950541671875 0.5056875 0.6915375
0 0.5633765625 0.700915278125 0.56963984375 0.69388194375 0.58348515625 0.7354916671875 0.5782109375 0.746040278125 0.5811773437500001 0.7542458328125 0.588759375 0.7466263890625 0.593375 0.75951944375 0.67446953125 0.66868194375 0.64183359375 0.5848763890625001 0.5620578125 0.67395694375 0.5633765625 0.6780583328125 0.55744296875 0.68391944375 0.5633765625 0.700915278125
0 0.44417343750000005 0.8124972218750001 0.45043671874999996 0.805465278125 0.46428203124999995 0.847075 0.4590078125 0.8576236109375 0.46197499999999997 0.865827778125 0.46955703125000003 0.858209721875 0.474171875 0.8711027781249999 0.55414609375 0.78471944375 0.52711484375 0.6962263890625 0.4428546875 0.7855388890625 0.44417343750000005 0.7896416671875001 0.43823984375 0.795502778125 0.44417343750000005 0.8124972218750001
0 0.33660390625000003 0.8119249999999999 0.34285625 0.804977778125 0.35848828125 0.84341944375 0.35353828125 0.8522208328125 0.36031171875 0.86935694375 0.36604375 0.861947221875 0.3691703125 0.8698208328125 0.4455046875 0.767925 0.4129390625 0.6854819437499999 0.33399843749999997 0.7850611109375001 0.33790624999999996 0.7952513890625 0.3319140625 0.8012722218749999 0.33660390625000003 0.8119249999999999
0 0.28919296875 0.722534721875 0.29622734375 0.71605 0.29310078125 0.70261805625 0.31602734374999997 0.6808500000000001 0.3212375 0.69335555625 0.329575 0.6840916671875 0.3272296875 0.6711236109375001 0.33113828125 0.6664916671875 0.28840625000000003 0.516890278125 0.23630546875 0.565522221875 0.2816375 0.717902778125 0.28710859375000003 0.71234444375 0.28919296875 0.722534721875