1 0.28691514218749997 0 0.179627653125 0.9006721484375 0.6867827078125 0.9595803953125 0.7961286171874999 0.0536312796875 0.30682226875 0 0.28691514218749997 0
0 0.339783540625 0.0658481453125 0.3468935921875 0.06632234375 0.3404513140625 0.1133222796875 0.3330438203125 0.11161654218749999 0.3307116546875 0.13243751875 0.338704140625 0.13302006718749998 0.3373395625 0.14205024375 0.4324410578125 0.1515470984375 0.4445340375 0.0505639828125 0.34993188124999997 0.0394940328125 0.3484427625 0.049121818750000004 0.3417322875 0.048842212499999996 0.339783540625 0.0658481453125
0 0.34369538906249997 0.20066310468749998 0.3508054390625 0.20113730156249998 0.3443631625 0.2481372375 0.33695566875 0.2464315 0.334623503125 0.2672524765625 0.3426159890625 0.267835025 0.341251409375 0.2768652 0.4351998 0.2905415703125 0.4493744890625 0.194329659375 0.3538437296875 0.174308990625 0.35235460937499996 0.18393677656250002 0.3456441359375 0.1836571703125 0.34369538906249997 0.20066310468749998
0 0.7297727953125 0.429599728125 0.7279317140625 0.4399721171875 0.7003037140624999 0.4360760703125 0.7018299578125 0.42364580781249994 0.690158334375 0.42194264375 0.6884013921875 0.4336491171875 0.6829845531250001 0.4335521375 0.662147596875 0.6058582046875001 0.7187777828125 0.6128115171874999 0.7411185828125 0.44125822187499997 0.7361540093750001 0.44008052500000006 0.737044746875 0.4304926125 0.7297727953125 0.429599728125
0 0.6656147015625 0.2934731015625 0.6642049703125 0.30865333906250003 0.6770360078125 0.3078051703125 0.6787954953125 0.2934752859375 0.68337125 0.2932297109375 0.701952278125 0.12339211406249999 0.6419069687500001 0.1200593109375 0.6209894499999999 0.2904188296875 0.6287004234375 0.29055681093749997 0.626940934375 0.30488669687500003 0.63679195625 0.30609625 0.6391943640625 0.29022909218750004 0.6656147015625 0.2934731015625
0 0.52194515 0.2169521453125 0.5290552015625 0.21742634375 0.5226129234375 0.26442628125 0.51520543125 0.26272054218749996 0.5128732640625 0.28354151875 0.5208657515625 0.2841240671875 0.519501171875 0.2931542421875 0.6120155656249999 0.3097848171875 0.6273970531249999 0.208539403125 0.532093490625 0.1905980328125 0.530604371875 0.20022582031249997 0.523893896875 0.1999462109375 0.52194515 0.2169521453125
0 0.5573258484375 0.4649653984375 0.5595782359375 0.47749439687499995 0.535714971875 0.4978434296875 0.5323703109375 0.48579322031250005 0.5239389 0.4927214984375 0.52607389375 0.503398775 0.519908890625 0.5100554015625 0.5517848390625 0.6560295609375 0.605874853125 0.6112124156250001 0.575157421875 0.4628673265625 0.571053225 0.4654265046875 0.5689613203125 0.457206125 0.5573258484375 0.4649653984375
0 0.5790402546875 0.8032806921875 0.5861503046875 0.803754890625 0.5797080265625 0.8507548265624999 0.572300534375 0.8490490890625001 0.5699683671875 0.869870065625 0.5779608546875 0.8704526140625 0.576596275 0.8794827890624999 0.6715877296875 0.8974851890625001 0.6850578796875 0.794190175 0.58918859375 0.7769265796875 0.587699475 0.7865543671874999 0.580989 0.7862747578125 0.5790402546875 0.8032806921875
0 0.3485964703125 0.6900792625000001 0.373485971875 0.6666993703124999 0.37704514218749996 0.6773038359375 0.3837603015625 0.6715193671875 0.3813278265625 0.6610532453125 0.388325240625 0.655303434375 0.355656346875 0.50886389375 0.3006401109375 0.5594808359375001 0.33300913906249996 0.70290720625 0.33794712968749996 0.699955046875 0.340502490625 0.709420353125 0.35056219375 0.7020133328125 0.3485964703125 0.6900792625000001
0 0.5951099296875 0.13723140625000002 0.5953320890625 0.089432753125 0.6025602906249999 0.0873677 0.602281896875 0.0761151765625 0.5962488968749999 0.0765554421875 0.5951731859375 0.0663860453125 0.49753535 0.0933672671875 0.498226403125 0.1932375703125 0.5953518625 0.16501241093750002 0.5945311765625 0.1554648390625 0.602485265625 0.1528984015625 0.6015408125 0.13624948125 0.5951099296875 0.13723140625000002
0 0.456917721875 0.2672858078125 0.461039678125 0.2742875609375 0.44339284843750004 0.31522263281249996 0.43749171562500005 0.3091848484375 0.433802609375 0.317588175 0.43799677031249995 0.32400828125 0.43387909062499996 0.335902059375 0.5070178703125 0.4245931921875 0.5425975828125 0.3403933234375 0.472945221875 0.25036013125 0.46860243125 0.2586831921875 0.463610953125 0.2533462140625 0.456917721875 0.2672858078125
0 0.6208480140625 0.506471740625 0.645133634375 0.476387728125 0.6493694796875 0.48517360312499996 0.6574428906249999 0.470814359375 0.6552121093750001 0.46463532812499997 0.6596686187499999 0.458097765625 0.6078893125 0.33069755624999997 0.5587462000000001 0.39551666874999997 0.6094009578125 0.5239598265625001 0.6137860390625 0.5180040078125 0.6183483375 0.5268299640625 0.6247674515625 0.5205333796875 0.6208480140625 0.506471740625
0 0.292557315625 0.3264434890625 0.288664028125 0.37438329531250003 0.280852965625 0.3757848703125 0.280346415625 0.3934366546875 0.28717595625 0.39191316718749997 0.28603309375 0.40122104375 0.381170478125 0.3945979515625 0.3885889171875 0.29631248125 0.2932248703125 0.2993646671875 0.292962521875 0.3123223359375 0.285407090625 0.3143472078125 0.284418853125 0.3278062609375 0.292557315625 0.3264434890625
0 0.445510725 0.5197790796875 0.45707299375000005 0.47160127812499997 0.46438422187499995 0.47427052343750004 0.468162296875 0.45702042968749995 0.46143409999999996 0.4550132859375 0.464028571875 0.44470401718749997 0.374706340625 0.401261228125 0.3514812359375 0.5011475578125 0.44057835624999997 0.541019634375 0.443284996875 0.5324956765625 0.451577915625 0.53528545625 0.45420230312500004 0.5220272968749999 0.445510725 0.5197790796875
0 0.5075100390625 0.6667372453125 0.508698525 0.6786934265625 0.5196276 0.6735397078124999 0.5178252234375 0.6638716 0.5240302203125 0.6593188640625 0.5164842484375 0.498970696875 0.45703443125 0.5206035 0.46691252656250004 0.6836000671875 0.471380028125 0.6823770703125 0.4727123171875 0.693168484375 0.48230255624999996 0.690802940625 0.482422046875 0.6790087578125 0.5075100390625 0.6667372453125
0 0.55416365625 0.7439106296875 0.5476431984375 0.753737846875 0.5495874875 0.762243753125 0.5580415796875 0.7556051203124999 0.5610515328125001 0.768964575 0.6526119046875001 0.6886871015625 0.6304325578125 0.6015289 0.5403952249999999 0.680223240625 0.5412043109375 0.6844547734375 0.5346006562500001 0.6895490734374999 0.5384187500000001 0.7071413468750001 0.5454924937500001 0.7009237390624999 0.55416365625 0.7439106296875
0 0.422250465625 0.8401350296875 0.4157300078125 0.8499622484374999 0.4176752421875 0.858466871875 0.42612916562500003 0.851829615625 0.4291383421875 0.8651889781250001 0.519043925 0.7891959374999999 0.502998753125 0.698068215625 0.408482203125 0.7764462640625001 0.40929112031250003 0.7806791750000001 0.402687465625 0.7857734749999999 0.4065057296875 0.80336436875 0.413579303125 0.7971481421875 0.422250465625 0.8401350296875
0 0.3176907859375 0.8236137078124999 0.3117050625 0.8317462390625 0.3163396453125 0.84958009375 0.32293196874999996 0.8429241624999999 0.325075675 0.8511201156249999 0.41325904375 0.7592866203125 0.3909834390625 0.6734893296875 0.300495578125 0.7627058078125 0.3031323796875 0.773296371875 0.2964511015625 0.7785420609375 0.29980774062500004 0.7896869843750001 0.30686013437500004 0.7835535140625 0.3176907859375 0.8236137078124999
0 0.269950046875 0.6758930999999999 0.29535857656250003 0.6570813453125 0.299005853125 0.6701286453125 0.3084101921875 0.6619498921875 0.30766276875 0.6487926765625 0.3121067203125 0.6446715968750001 0.28792503125 0.4909775890625 0.2302858578125 0.53289755 0.256709471875 0.68966686875 0.2628171765625 0.684816725 0.26364413125 0.6951850671875001 0.2714163625 0.68960595625 0.269950046875 0.6758930999999999