1 0.3802157109375 1 0.8355433218749999 0.9299593406250001 0.705754340625 0.0300619578125 0.20063360000000002 0.1044223484375 0.3283774671875 1 0.3802157109375 1
0 0.7541917546875 0.8322077578125 0.7617883203125 0.831938175 0.7586521546875 0.8112230453124999 0.75078123125 0.8127289546875 0.7497621328124999 0.8036532953125001 0.6554431734375 0.819094115625 0.6698986062500001 0.9197662093750001 0.7641423859375001 0.90597411875 0.7630889109375001 0.8962889796875 0.7696430984375 0.8948222609375 0.767123984375 0.87789141875 0.7601334703125 0.87927359375 0.7541917546875 0.8322077578125
0 0.7155205203125 0.70299896875 0.7231170875 0.702729384375 0.719980921875 0.68201425625 0.7121099984375 0.6835201671875 0.7110908984375001 0.67444450625 0.6168040171875 0.6855497796875001 0.62801379375 0.7821520296875 0.725471153125 0.77676533125 0.7244176765625 0.767080190625 0.730971865625 0.765613471875 0.72845275 0.748682628125 0.7214622375 0.7500648046875 0.7155205203125 0.70299896875
0 0.3230662 0.613588190625 0.32480915 0.6259899234375 0.3365238828125 0.6246142156250001 0.335191103125 0.6128519 0.3404484671875 0.61154359375 0.31597932812499996 0.43971571249999997 0.2594791203125 0.4476562984375 0.2823008234375 0.61914628125 0.28740104375 0.6189989234375 0.28902219375 0.6284906765625 0.2962774546875 0.6274710156250001 0.2953712296875 0.6169755515625 0.3230662 0.613588190625
0 0.37874003125 0.7314662390625 0.3807493421875 0.745763234375 0.3763930625 0.747184734375 0.40240237343749996 0.9160443796875001 0.4612642796875 0.90372275 0.43737676406250003 0.7337542390625 0.4298928234375 0.73561670625 0.4278835109375 0.7213197109375 0.41805510156250003 0.722701003125 0.419841275 0.7386492890625 0.3934815765625 0.7423539031249999 0.3909143390625 0.7273260546875 0.37874003125 0.7314662390625
0 0.5391285578125 0.7333993953125 0.546725125 0.7331298125 0.543588959375 0.712414684375 0.5357180359375 0.7139205921875 0.5346989359375 0.704844934375 0.441032584375 0.71272551875 0.4523794484375 0.8145021015625 0.549079190625 0.8071657562500001 0.5480257140625 0.7974806171875 0.5545799031249999 0.7960138999999999 0.5520607875 0.77908305625 0.5450702749999999 0.78046523125 0.5391285578125 0.7333993953125
0 0.46606014843750004 0.5113268015625 0.47240966562500003 0.5221007484375 0.4787606125 0.5132263359375 0.47393488437500003 0.50346545625 0.47816695937500003 0.495440028125 0.409596265625 0.36268992031249997 0.368948853125 0.41997948437500005 0.43701414843749997 0.55531958125 0.440316134375 0.5517853609375 0.44446434999999995 0.5591842125 0.4536951046875 0.548677846875 0.448276721875 0.5371587265625 0.46606014843750004 0.5113268015625
0 0.332225928125 0.181826809375 0.33982249531250003 0.1815572265625 0.3366863296875 0.160842096875 0.32881540625 0.16234800625 0.32779630625 0.15327234843749998 0.23138224375 0.1604689625 0.24510579375 0.263730615625 0.3421765609375 0.2555931703125 0.341123084375 0.24590803125 0.3476772734375 0.2444413140625 0.3451581578125 0.2275104703125 0.3381676453125 0.22889264531250003 0.332225928125 0.181826809375
0 0.5728756625 0.2969145875 0.5678864484374999 0.304239965625 0.5729448703125 0.3137198921875 0.567674046875 0.321084846875 0.6371311171875 0.45407925000000005 0.6771720921875 0.3909477890625 0.6087845359374999 0.26078627499999996 0.6047788781250001 0.2649158875 0.5998607890625001 0.2564344796875 0.5920609390625 0.266192753125 0.5970484468749999 0.2772114140625 0.5790581953125 0.30623653281249996 0.5728756625 0.2969145875
0 0.5077314656249999 0.9251167515625 0.510912740625 0.9359138015624999 0.5166262203125 0.9339270828125 0.5202973125 0.9434715515625 0.607624965625 0.8921391609375 0.581109121875 0.7958507125 0.4945983421875 0.848252040625 0.49786215624999997 0.857261878125 0.49084333906250005 0.8617995359374999 0.49606466875 0.877636715625 0.5020222828125 0.8750238156249999 0.5141788953125 0.9212512671875001 0.5077314656249999 0.9251167515625
0 0.6025022109375 0.6638302234375 0.6097649625 0.668134946875 0.6111534234375 0.659063146875 0.6054405296875001 0.6539473296875 0.606339565625 0.6413930875 0.5127379765625 0.574653740625 0.5001631421875 0.6651932781250001 0.5907444609375 0.7341313046875 0.5927851078125 0.7249678484375 0.5989878171874999 0.7288310828125 0.60184515 0.713634134375 0.5960514578125 0.7079378015625 0.6025022109375 0.6638302234375
0 0.359557515625 0.552980865625 0.3554756453125 0.56894038125 0.35922966562499997 0.5743315 0.3566170546875 0.5817997296875 0.4396056234375 0.6914574124999999 0.4702978046875 0.6161277828125 0.3881255296875 0.5051716359375 0.385431346875 0.5120594578125 0.378740178125 0.5047150484375 0.374169465625 0.5124584703124999 0.3815947734375 0.525026546875 0.3659229796875 0.560371053125 0.359557515625 0.552980865625
0 0.743829021875 0.563263175 0.73974969375 0.54608175625 0.7335471703125 0.5493209484375 0.7322420359375 0.5400344359375 0.6420605609375001 0.5710552171875001 0.6603330515625 0.667911725 0.751657684375 0.6402815078125 0.7485574015625 0.6276974609375 0.7553313109375 0.6237860953125 0.7528024156249999 0.6105298734375 0.7452939765625 0.6139525984375 0.7366468687500001 0.56663864375 0.743829021875 0.563263175
0 0.5410614781249999 0.515634725 0.541876790625 0.5332748734375 0.5488952171875 0.5334722390625 0.549057384375 0.5441017265625 0.64657985625 0.5629459453125001 0.6431611 0.460452059375 0.5467802374999999 0.4449986234375 0.5463719859375 0.4539326640625 0.53763959375 0.45338430937499996 0.53853609375 0.46686994843749996 0.5475133953125 0.46679201406250004 0.548814434375 0.5163207328125 0.5410614781249999 0.515634725
0 0.4361258125 0.3374535109375 0.440369065625 0.34632569687500003 0.435553834375 0.3523292734375 0.4843438421875 0.50526066875 0.536168975 0.4689782390625 0.4844408515625 0.314092284375 0.4804421109375 0.316429884375 0.4763621953125 0.306351 0.4677109828125 0.3111180765625 0.47064812343750007 0.322541309375 0.449591084375 0.3408879296875 0.445348609375 0.32964674843749997 0.4361258125 0.3374535109375
0 0.3842284875 0.2595261734375 0.377780665625 0.26812667968750004 0.37141559375 0.2560014703125 0.30375240468750003 0.35724112343750003 0.3477342109375 0.43568904374999995 0.414336003125 0.336372771875 0.41245928281250005 0.33249483125 0.4175194234375 0.3258649640625 0.40927821093750005 0.309860328125 0.404054734375 0.3176968953125 0.38455320937500004 0.27841900937499997 0.3883080171875 0.267239028125 0.3842284875 0.2595261734375
0 0.48674155625 0.132440375 0.48029354218750003 0.14103950781250002 0.47392924374999995 0.12891418906250002 0.40675556406249996 0.22558710624999997 0.4458396015625 0.3094569296875 0.5168498453125 0.20928686562499998 0.5149729328125 0.20540755000000002 0.5200330734375 0.1987776828125 0.5117920546875 0.1827744234375 0.506568384375 0.19060961406250002 0.48706685937499994 0.1513317296875 0.49082166718750003 0.140151746875 0.48674155625 0.132440375
0 0.58692429375 0.11479676093749999 0.5822792796875 0.1229321171875 0.57808735 0.1155702640625 0.5166770140625 0.2270981453125 0.5603995687500001 0.3042066125 0.6247132078125001 0.19461013124999998 0.6194252140625001 0.1850628875 0.624521146875 0.17826669687500002 0.6183943640625 0.1683702921875 0.613169734375 0.1761200609375 0.5923397875 0.140228065625 0.5960166984375 0.130823425 0.58692429375 0.11479676093749999
0 0.6501129031249999 0.2836472359375 0.643145828125 0.29398132499999996 0.6472731203125 0.306496771875 0.64404720625 0.311627609375 0.7071838625 0.4538259390625 0.75200934375 0.39841625 0.68591120625 0.25382764999999996 0.6812669265625 0.2600933203125 0.6777846249999999 0.250292303125 0.67172120625 0.2576929109375 0.67668670625 0.270559003125 0.6570127921875 0.295305975 0.6501129031249999 0.2836472359375