1 0.2275609375 0.0275263890625 0.2308453125 0.9367291671875 0.74139921875 0.9333916671875 0.73952265625 0.02086944375 0.2275609375 0.0275263890625
0 0.60868671875 0.0445638890625 0.6019921874999999 0.0451041671875 0.60213046875 0.0622208328125 0.6092453124999999 0.061825 0.60857890625 0.109259721875 0.6010187499999999 0.10846944375 0.60124140625 0.12941944375 0.6092453124999999 0.1290236109375 0.60899140625 0.138152778125 0.70454140625 0.1359888890625 0.7042375 0.034284721875 0.60899140625 0.034826389062500004 0.60868671875 0.0445638890625
0 0.63603046875 0.152897221875 0.6293359374999999 0.1534375 0.62947421875 0.1705541671875 0.6365890624999999 0.17015833281249998 0.63592265625 0.21759305625 0.6283624999999999 0.216802778125 0.62858515625 0.237752778125 0.6365890624999999 0.23735694375 0.63633515625 0.2464861109375 0.73188515625 0.244322221875 0.73158125 0.14261805624999999 0.63633515625 0.14315972187499998 0.63603046875 0.152897221875
0 0.42587421875000003 0.12095277812500001 0.41917968749999995 0.12149305625 0.41931796875 0.138609721875 0.4264328125 0.1382138890625 0.42576640625 0.1856486109375 0.41820625 0.1848583328125 0.41842890625000007 0.2058083328125 0.4264328125 0.2054125 0.42617890625 0.2145416671875 0.52172890625 0.21237777812499997 0.521425 0.11067361093750001 0.42617890625 0.11121527812500001 0.42587421875000003 0.12095277812500001
0 0.25354765625 0.34087083281249997 0.2539984375 0.3248291671875 0.2806171875 0.3248291671875 0.28106796875 0.34006805625 0.29369999999999996 0.33766250000000003 0.29369999999999996 0.323225 0.29821171875 0.3224236109375 0.29595625000000003 0.15158750000000001 0.23595234375000002 0.155597221875 0.23595234375000002 0.3272361109375 0.24362265624999999 0.32643333281250003 0.24362265624999999 0.34087083281249997 0.25354765625 0.34087083281249997
0 0.41957187500000004 0.36413055625 0.42363203125000004 0.35209999999999997 0.41866953125000006 0.3432763890625 0.41325546874999997 0.3537041671875 0.39385625 0.316809721875 0.39926953125 0.307184721875 0.3920515625 0.297559721875 0.38618671875 0.3079861109375 0.3812234375 0.3015708328125 0.31580703125 0.4154611109375 0.3541546875 0.483634721875 0.42227890625000003 0.36974444375000004 0.41957187500000004 0.36413055625
0 0.41896875 0.547402778125 0.41994921874999996 0.5317125 0.4111234375 0.5304055562500001 0.41087890624999995 0.5426083328125 0.38391171874999996 0.53825 0.3848921875 0.5251750000000001 0.37435078125 0.52343194375 0.37312500000000004 0.5369430562499999 0.36748671875 0.5351986109375 0.3564546875 0.7025583328125 0.41455624999999996 0.714325 0.42485234375 0.547402778125 0.41896875 0.547402778125
0 0.35155156249999997 0.5378138890625 0.348609375 0.5273541671875 0.34223515625 0.5321486109375 0.33095859375000003 0.48638611093749995 0.33757734375 0.48028472187500004 0.3341453125 0.46459444375 0.32777109375 0.47069583281250005 0.32556484375 0.4602361109375 0.23559296875000002 0.5216888890625 0.25790234375 0.6171347218750001 0.34664843749999996 0.5521958328125 0.344196875 0.54304444375 0.35155156249999997 0.5378138890625
0 0.23853515625 0.66376944375 0.24588984374999998 0.6589750000000001 0.2522640625 0.7043013890625 0.246625 0.70604444375 0.24834140625 0.726527778125 0.25545078125 0.72260555625 0.25643125 0.7308861109375 0.3491 0.6812027781250001 0.33291953125 0.5861916671875 0.24074140625 0.6323888890625 0.2422125 0.6424138890625 0.23510312500000002 0.6458999999999999 0.23853515625 0.66376944375
0 0.3446328125 0.722977778125 0.34266953125 0.7122736109375001 0.33586328125 0.715997221875 0.33717265625000004 0.72763194375 0.31138671875 0.741359721875 0.30955468750000004 0.72949305625 0.2982984375 0.735077778125 0.3 0.747409721875 0.2949203125 0.7504986109375 0.32139765625 0.9143625 0.37631171874999997 0.8851625000000001 0.35052343750000003 0.720184721875 0.3446328125 0.722977778125
0 0.37666484375 0.8285722218749999 0.38214453125 0.8203680562500001 0.3962765625 0.8603611109375 0.39050859375 0.8690777781250001 0.39512265625 0.8824083328125001 0.40002578125 0.87625555625 0.40319843750000006 0.8829222218749999 0.48654921875 0.79063055625 0.45482421874999995 0.7065430562499999 0.3734921875 0.7978083328125 0.37666484375 0.8055 0.37060781249999997 0.8116527781249999 0.37666484375 0.8285722218749999
0 0.498009375 0.734859721875 0.49866875000000005 0.7254777781249999 0.5228546875 0.7282138890625001 0.52175546875 0.740722221875 0.5353875 0.74306805625 0.536046875 0.730559721875 0.54110390625 0.7313416671875 0.55011875 0.56130694375 0.49295234375 0.5515361109375 0.48327734375000003 0.7207874999999999 0.48855468750000003 0.7219611109375 0.487675 0.7336875 0.498009375 0.734859721875
0 0.43661328125 0.70250694375 0.43727265624999995 0.693125 0.46145859375000003 0.6958611109375 0.460359375 0.70836944375 0.47399140624999997 0.710715278125 0.47465078125 0.69820694375 0.47970781249999994 0.6989888890625 0.48872265625000005 0.5289541671875 0.43155625000000003 0.51918194375 0.42188203125 0.688434721875 0.42715859375000004 0.68960694375 0.42627890625 0.7013333328125 0.43661328125 0.70250694375
0 0.6826375 0.78673055625 0.6832976562499999 0.7773486109375 0.7074828125 0.780084721875 0.70638359375 0.79259305625 0.720015625 0.7949388890625 0.72067578125 0.78243055625 0.7257328125 0.7832125 0.734746875 0.6131777781250001 0.67758046875 0.60340694375 0.6679062499999999 0.7726583328125 0.6731828125 0.77383055625 0.67230390625 0.7855583328125 0.6826375 0.78673055625
0 0.7076687500000001 0.42987083281249994 0.7142039062500001 0.41382638906249997 0.70860234375 0.40608194375 0.7241625 0.36680138906250004 0.7313203125000001 0.374547221875 0.7350546875 0.3601625 0.72883046875 0.3535236109375 0.73225390625 0.3430111109375 0.6497859375 0.2517263890625 0.620221875 0.3396916671875 0.6983328125 0.43540416718749997 0.7017562500000001 0.42489166718750004 0.7076687500000001 0.42987083281249994
0 0.6936648437499999 0.538859721875 0.69708828125 0.5261361109375 0.69148671875 0.51894305625 0.705490625 0.47855694375 0.71171484375 0.48298194375000003 0.71607109375 0.46693888906250003 0.71171484375 0.46361944375 0.71358203125 0.4520013890625 0.631425 0.36569444375 0.60279453125 0.4558736109375 0.6852625 0.5410736109375 0.6877523437499999 0.5322208328125 0.6936648437499999 0.538859721875
0 0.52219375 0.4542138890625 0.5277953125 0.4453625 0.5467789062499999 0.4752375 0.54304453125 0.4851958328125 0.54895703125 0.4973666671875 0.553625 0.48796111093750005 0.55829296875 0.49570694375 0.62271171875 0.36735416718749997 0.5785210937499999 0.3004125 0.5150359375 0.42544444375 0.5184593750000001 0.432084721875 0.51534765625 0.4387236109375 0.52219375 0.4542138890625
0 0.41763046875 0.2478541671875 0.4238546875 0.2495138890625 0.41794140625000004 0.2970916671875 0.4110953125 0.29432638906249997 0.40860546875 0.3092638890625 0.41576328125 0.313690278125 0.41451874999999994 0.32309444374999996 0.5075671875000001 0.360715278125 0.51970390625 0.260577778125 0.4279 0.2196375 0.4260328125 0.23015 0.41949765625 0.228490278125 0.41763046875 0.2478541671875
0 0.39273437499999997 0.46306527812500003 0.39926953125 0.45698055625 0.41171796875 0.50179305625 0.40487109375 0.507325 0.40798359375000004 0.51894305625 0.4148296875 0.51451805625 0.41763046875 0.5250291671875 0.5041445312499999 0.44812777812500004 0.4792484375 0.3557361109375 0.3921125 0.43153055625 0.39491328124999997 0.4392763890625 0.389 0.447022221875 0.39273437499999997 0.46306527812500003