1 0.2275609375 0.0275263890625 0.2308453125 0.9367291671875 0.74139921875 0.9333916671875 0.73952265625 0.02086944375 0.2275609375 0.0275263890625
0 0.61276796875 0.12578055625 0.6119945312499999 0.1083625 0.6045171875 0.10882083281249999 0.604775 0.06160694375 0.61225234375 0.062065278125 0.61225234375 0.043272221875 0.6050328125 0.0441888890625 0.6045171875 0.0313541671875 0.50782734375 0.0336458328125 0.50963203125 0.1404486109375 0.6055484375 0.137240278125 0.6060640625 0.1262388890625 0.61276796875 0.12578055625
0 0.44386171875 0.1327916671875 0.44308828125 0.11537361093750001 0.4356109375 0.11583194375000001 0.43586875 0.06861805625 0.44334609374999995 0.0690763890625 0.44334609374999995 0.050283332812500005 0.4361265625 0.0512 0.4356109375 0.038365278125 0.33892109375 0.04065694375 0.34072578125 0.147459721875 0.43664218750000006 0.14425138906249999 0.4371578125 0.13325 0.44386171875 0.1327916671875
0 0.24253125 0.213977778125 0.23583671874999998 0.21451805625000003 0.235975 0.23163472187499998 0.24308984374999998 0.23123888906249998 0.2424234375 0.2786736109375 0.23486328125 0.2778833328125 0.2350859375 0.2988333328125 0.24308984374999998 0.2984375 0.2428359375 0.30756666718750003 0.3383859375 0.305402778125 0.33808203125 0.2036986109375 0.2428359375 0.20424027812499998 0.24253125 0.213977778125
0 0.729459375 0.5197166671875 0.729175 0.5100916671875 0.7218484375 0.5100916671875 0.72128515625 0.5206111109375 0.6933882812500001 0.5201111109375 0.6933882812500001 0.5075875 0.68159609375 0.5073194437499999 0.68127890625 0.5191527781249999 0.675890625 0.5197166671875 0.6762078125000001 0.693277778125 0.73326328125 0.693277778125 0.7345304687499999 0.52028055625 0.729459375 0.5197166671875
0 0.6206070312499999 0.24008194375 0.62099609375 0.2248541671875 0.6135937499999999 0.2248541671875 0.6151523437499999 0.17501805625 0.62099609375 0.17709444375 0.62099609375 0.1563291671875 0.61398359375 0.1563291671875 0.61398359375 0.145947221875 0.51817265625 0.143925 0.518528125 0.24700277812500002 0.6135937499999999 0.24907916718749998 0.61437265625 0.2407736109375 0.6206070312499999 0.24008194375
0 0.61554140625 0.12172083281249998 0.6190484374999999 0.1334875 0.6276195312499999 0.12864305625 0.63736015625 0.16948055625 0.62995703125 0.17709444375 0.6334640625 0.19370694375 0.64203515625 0.1888611109375 0.6443726562500001 0.196475 0.7332046875 0.129334721875 0.70713984375 0.032359721875000004 0.6206070312499999 0.10510833281250001 0.6225546875 0.1154916671875 0.61554140625 0.12172083281249998
0 0.3795671875 0.23187638906250002 0.37501953125 0.22552777812499997 0.36917109375 0.23938055625 0.37339453125 0.24688333281250002 0.35552656250000003 0.28324444375 0.35097812500000003 0.2774736109375 0.3454546875 0.287284721875 0.349678125 0.29594305625 0.34730390624999996 0.30139444375 0.41757890625 0.413684721875 0.45558984375 0.3334583328125 0.38281640625 0.22495138906249998 0.3795671875 0.23187638906250002
0 0.25838671875 0.33689305625 0.264234375 0.33920138906249997 0.25676171875 0.38710694375 0.2505890625 0.3847986109375 0.247665625 0.40326805625000006 0.25383828125 0.40499999999999997 0.25318828125000004 0.41365694375000006 0.3464296875 0.4546361109375 0.36104921874999996 0.3588263890625 0.2684578125 0.31265277812500003 0.26618359375 0.3265041671875 0.26001093750000004 0.324772221875 0.25838671875 0.33689305625
0 0.28762578125 0.45169305625 0.2853515625 0.43957222187499995 0.27917890624999997 0.44361249999999997 0.280478125 0.4568875 0.2515640625 0.4667 0.25091406250000003 0.453425 0.24084296875 0.4557333328125 0.24246718750000001 0.47074027812499997 0.23629453125 0.47478055625 0.25871171875 0.636965278125 0.31556562499999996 0.613877778125 0.2934734375 0.449384721875 0.28762578125 0.45169305625
0 0.41562968749999996 0.4378986109375 0.418553125 0.42693194375 0.40978125 0.41711944375 0.4068578125 0.429240278125 0.38249140625 0.40384444375 0.38606484375 0.39403333281249997 0.37859296875 0.387684721875 0.37534375 0.39865 0.36922968749999996 0.3944236109375 0.32466249999999997 0.542365278125 0.37599375 0.5885388890625001 0.42017812499999996 0.4413611109375 0.41562968749999996 0.4378986109375
0 0.55955234375 0.27398194375 0.55500390625 0.2653236109375 0.54623203125 0.27282777812500003 0.54948046875 0.2843708328125 0.52478984375 0.30688055625 0.521865625 0.2959138890625 0.51536796875 0.30168611093750003 0.5182921875 0.31265277812500003 0.51276875 0.3169861109375 0.55402890625 0.46791111093750004 0.6050359375000001 0.4217375 0.56377578125 0.2710958328125 0.55955234375 0.27398194375
0 0.45160703125 0.5797125000000001 0.45594062500000004 0.567277778125 0.44827421875000006 0.5578041671875 0.44260781250000003 0.5696458328125 0.4229421875 0.5382625 0.4269421875 0.5287888890625 0.42160937499999995 0.518722221875 0.41627578125 0.52938055625 0.40940390625 0.5208986109375 0.35061328125 0.6531388890625001 0.3946109375 0.7194597218750001 0.45560703125 0.585634721875 0.45160703125 0.5797125000000001
0 0.4229421875 0.8929597218750001 0.42927499999999996 0.8805249999999999 0.42394218749999996 0.87341805625 0.4406078125 0.8355208328125 0.44627421875 0.8420347218750001 0.45194062500000004 0.828415278125 0.44827421875000006 0.8242708328124999 0.45327421875 0.8147958328125 0.37971093749999996 0.7053875 0.34228046875 0.778675 0.41460937500000006 0.8941430562500001 0.41727578125000003 0.8858541671875001 0.4229421875 0.8929597218750001
0 0.50660390625 0.8858541671875001 0.50227109375 0.8757875 0.524603125 0.8438111109375 0.5299359375 0.8556541671875 0.53460234375 0.844402778125 0.53126953125 0.8367055562499999 0.53560234375 0.8260472218749999 0.47860546875 0.69340555625 0.4330984375 0.7523083328125 0.489271875 0.8905902781249999 0.49393828125 0.8870374999999999 0.49860468750000003 0.89888055625 0.50660390625 0.8858541671875001
0 0.50421328125 0.559147221875 0.50034296875 0.5505513890625 0.49195625 0.5614388890625001 0.49582734375 0.5723263890625 0.4761515625 0.6055625 0.47163515624999997 0.5941013890625 0.46615234375 0.602697221875 0.4703453125 0.611865278125 0.46526562499999996 0.61863194375 0.52872734375 0.7471013890625 0.56969140625 0.6794833328125 0.50872890625 0.5539888890625 0.50421328125 0.559147221875
0 0.43421953125 0.464625 0.4377671875 0.48124305625 0.44389609375 0.47837777812500004 0.45228203125000005 0.5207819437500001 0.44486406250000005 0.5242194437500001 0.44744375 0.5442763890625 0.45486250000000006 0.5408375000000001 0.456153125 0.5482875 0.5471132812499999 0.5012986109375 0.53260234375 0.40759166718750006 0.43970312500000003 0.452590278125 0.44163828125000004 0.4611861109375 0.43421953125 0.464625
0 0.641425 0.6077486109375 0.63855234375 0.59945555625 0.62993515625 0.605834721875 0.63173046875 0.6160402781250001 0.60551796875 0.63836805625 0.6026453125 0.6281611109374999 0.5972593749999999 0.633265278125 0.59977265625 0.645384721875 0.5951046875 0.64985 0.63855234375 0.8010361109374999 0.6888234375 0.7525541671875 0.64609296875 0.6039208328125001 0.641425 0.6077486109375
0 0.66691953125 0.49237916718749997 0.6662015625000001 0.481534721875 0.6934914062499999 0.47515555625 0.694209375 0.48344861093749997 0.70426328125 0.482172221875 0.70426328125 0.4719666671875 0.70964921875 0.470052778125 0.6963640625 0.29845277812500004 0.63846640625 0.31415972187499996 0.65219765625 0.48344861093749997 0.6572242187499999 0.482172221875 0.65901953125 0.49493055625000004 0.66691953125 0.49237916718749997