1 0.3117068953125 0 0.2146214265625 0.9057844125000001 0.7220296015625001 0.9624710453124999 0.820333553125 0.0585922859375 0.3249168234375 0 0.3117068953125 0
0 0.7620012984375 0.507178696875 0.780458825 0.33460152656250003 0.775159003125 0.3334774984375 0.7760804734375 0.3216758328125 0.764324865625 0.3207098015625 0.7630157921875 0.33316480625 0.735219475 0.33074605 0.7357588609375 0.3202253546875 0.7284724328125 0.3194595203125 0.7271835296875 0.32900206718749997 0.7220812734375001 0.32903279375 0.7052583859375 0.5012147765625 0.7620012984375 0.507178696875
0 0.375100371875 0.6632833609375 0.2882561328125 0.607703975 0.2622329375 0.700503284375 0.349200715625 0.7596009703125 0.3510413671875 0.7514682640625 0.3577018125 0.75611213125 0.36154990625 0.7359204218750001 0.356123934375 0.733597471875 0.3672011328125 0.6891856734374999 0.374014375 0.6947226265625 0.3792954703125 0.67730981875 0.3725894390625 0.673099671875 0.375100371875 0.6632833609375
0 0.6549037546875 0.684312646875 0.567674209375 0.6341406609375 0.5425645140625 0.7283235953125 0.6290040984374999 0.7806302546875 0.63084475 0.7724975484375001 0.63773316875 0.77536105 0.641353290625 0.75694970625 0.6359273187500001 0.75462675625 0.647004515625 0.7102149578125 0.6538177578125 0.7157519125 0.6590988531249999 0.698339103125 0.652392821875 0.6941289578125 0.6549037546875 0.684312646875
0 0.42872345312500004 0.6699835375000001 0.47591846406249994 0.5161252968750001 0.47118947968749997 0.5125223578125 0.4741707609375 0.5004358296875 0.4635599359375 0.49370510312500004 0.4604975359375 0.5053152640625 0.4362878 0.48896732343749993 0.4388061625 0.47753320468749993 0.4324264203125 0.47311854531249997 0.4293550046875 0.483558853125 0.42378860312500005 0.4801653609375 0.37924010468749997 0.6308173953125 0.42872345312500004 0.6699835375000001
0 0.7012012640624999 0.8321927125 0.7254719046875 0.66485465625 0.7178708046875 0.6640557484375 0.7190439921875 0.6528936203125 0.712949765625 0.6504711078125001 0.7113845203125 0.6621869546875 0.68287983125 0.6568140812500001 0.6843832296875 0.6456866609375 0.675398803125 0.6453358890625001 0.6745959671875 0.65297436875 0.6691012421875 0.6512083953125 0.6451823765625 0.8215524671875001 0.7012012640624999 0.8321927125
0 0.587978646875 0.9016716718750001 0.6213843328124999 0.8095463453124999 0.5406608890625 0.7351271609375 0.53576899375 0.743522921875 0.53058291875 0.738820346875 0.5244345734375 0.7559939703125 0.529827315625 0.7619067234375 0.513959434375 0.804789940625 0.509372859375 0.8007439046875 0.50526556875 0.8080350718749999 0.5114644765625 0.815814540625 0.508823921875 0.82504045625 0.587978646875 0.9016716718750001
0 0.7447273578125 0.624704396875 0.747479 0.5222292625 0.64983008125 0.535726665625 0.6491705890625 0.547808640625 0.6423521062499999 0.5473964328125 0.6411860015624999 0.563924809375 0.6491799359375 0.5641700796875 0.646367596875 0.6131779140625 0.6405640781249999 0.6143499234375 0.6399285453125 0.626757015625 0.6474456046875 0.6251715765625 0.6475107812500001 0.634088346875 0.7447273578125 0.624704396875
0 0.5350789218750001 0.6838460953125 0.45478397187499997 0.6114787734375 0.4234496640625 0.70052598125 0.504926396875 0.772509171875 0.5072347749999999 0.7641267640625 0.5129695875 0.7692962015625 0.5175328640625 0.7530327125 0.5129796890625 0.747480528125 0.5278541328124999 0.7064257046875 0.5352836625 0.711771865625 0.53739559375 0.6998174140625 0.532259165625 0.6916678093749999 0.5350789218750001 0.6838460953125
0 0.5851832703125 0.592713359375 0.5254428234375 0.4768423609375 0.47998875625000004 0.5481707499999999 0.5383702921875 0.6633905796875 0.5431666625 0.6557766171875 0.5482159421875 0.667468459375 0.5552517921875 0.657553759375 0.5514362171875 0.6449763 0.5731943609375 0.61174778125 0.5780143015625 0.6229085765625 0.586054515625 0.6115772109375001 0.581622159375 0.5994418703125 0.5851832703125 0.592713359375
0 0.56226123125 0.3817771 0.51871840625 0.320882325 0.451623784375 0.4569072421875 0.4571484296875 0.4640837609375 0.4524239328125 0.47373445 0.4576657609375 0.48088124375 0.463519196875 0.471349209375 0.48251144999999995 0.49972879531250003 0.4779115265625 0.5109148078125 0.48604718281250003 0.5203949265625 0.49066628124999995 0.5117470453124999 0.49481362031250004 0.5157343484375 0.56226123125 0.3817771
0 0.5342875984375001 0.2976575203125 0.507705625 0.21114949218749998 0.4217211734375 0.30967361718749997 0.4244070328125 0.3221323390625 0.4189227875 0.3281517765625 0.42153755156250006 0.338573853125 0.42882113750000006 0.33172825 0.44259591093750006 0.37173588281250003 0.43739370468749994 0.3777849640625 0.44189715625000003 0.39195695 0.44761137343749996 0.386470025 0.44951923281250006 0.3927580625 0.5342875984375001 0.2976575203125
0 0.6493317609375 0.40868557812499995 0.6351787359375 0.24737807968749997 0.6268182796875 0.253602159375 0.625878915625 0.24082005781250002 0.6182942609375 0.24509650781249998 0.61992305625 0.2594732984375 0.5926004984375 0.272330803125 0.591043721875 0.25998935625 0.582100790625 0.2636161015625 0.5824048328125 0.27430365156250003 0.5776246609375 0.27633735000000004 0.5940890390625 0.4373808375 0.6493317609375 0.40868557812499995
0 0.7024500984375 0.5061021703125 0.6988171234375 0.4103353 0.6010775078124999 0.44420287031249994 0.6017354640625 0.4569567890625 0.5951377015625 0.457277225 0.594913534375 0.4729828859375 0.602569284375 0.47074308125000003 0.6051089468749999 0.5171796 0.5989887484375 0.521103025 0.6004056765625 0.537488115625 0.606649671875 0.5350999296875 0.6079590015624999 0.5443695171875 0.7024500984375 0.5061021703125
0 0.31277005 0.595118265625 0.34660304375 0.42713175000000003 0.2886683375 0.4059068734375 0.256343515625 0.57304220625 0.26259035625 0.575716775 0.2599093796875 0.5850208390625 0.2709457421875 0.590722353125 0.2734322703125 0.57786460625 0.29941676250000004 0.58715523125 0.296720596875 0.602007546875 0.304808359375 0.6033631515625 0.306243646875 0.592412915625 0.31277005 0.595118265625
0 0.3543913953125 0.4259323390625 0.3914541078125 0.2623226765625 0.3856641984375 0.26070443593750003 0.388202990625 0.247349428125 0.38027245625 0.244497896875 0.37781955625 0.2543300828125 0.353396278125 0.2436910953125 0.3558826609375 0.23083473125 0.344741334375 0.2261318828125 0.341902984375 0.23693325468749998 0.33621789375 0.2343177296875 0.298875471875 0.3978979921875 0.3543913953125 0.4259323390625
0 0.52176266875 0.170068809375 0.5347214 0.06403974999999999 0.43880077812499996 0.051653795312499994 0.43694638281250003 0.0643643109375 0.42986221875 0.0626980203125 0.427897809375 0.081388125 0.4353821015625 0.081713896875 0.43070330625000003 0.1286960921875 0.4233148328125 0.12745867500000002 0.42072495 0.144700465625 0.427344221875 0.1458570375 0.4267070640625 0.1568520578125 0.52176266875 0.170068809375
0 0.68307366875 0.1473853046875 0.6073500125 0.058767904687500004 0.5717416015625 0.150893540625 0.6475913515625 0.23583732968749999 0.6525401796875 0.22575634375 0.658215328125 0.2309628015625 0.6629069796875 0.2208547859375 0.6568627578124999 0.2142269609375 0.6738670265625 0.1708459125 0.6799113921875 0.1774723546875 0.685851334375 0.1628869578125 0.68057616875 0.1563413625 0.68307366875 0.1473853046875
0 0.6881013375 0.35854816718750004 0.7620009984375 0.2326525609375 0.7586813609374999 0.22723281874999998 0.7632130625 0.2161876703125 0.7543139515624999 0.20465120625000002 0.7499098984375 0.2120229078125 0.7325746859375 0.182085775 0.7375227375 0.1720047046875 0.73115720625 0.163501075 0.727009553125 0.170899725 0.7220866046875 0.16346943281249998 0.6502557796875 0.291886771875 0.6881013375 0.35854816718750004