1 0.2275609375 0.0275263890625 0.2308453125 0.9367291671875 0.74139921875 0.9333916671875 0.73952265625 0.02086944375 0.2275609375 0.0275263890625
0 0.29193515625 0.3061916671875 0.29165078125 0.2965666671875 0.28432421875 0.2965666671875 0.2837609375 0.3070861109375 0.2558640625 0.3065861109375 0.2558640625 0.2940625 0.244071875 0.29379444375 0.24375468749999998 0.30562777812499997 0.23836640625 0.3061916671875 0.23868359374999998 0.47975277812500006 0.2957390625 0.47975277812500006 0.29700625 0.30675555625 0.29193515625 0.3061916671875
0 0.60494140625 0.706825 0.61229609375 0.70203055625 0.6186703125 0.7473569437500001 0.6130312499999999 0.7491 0.6147476562499999 0.7695833328125 0.62185703125 0.7656611109375 0.6228374999999999 0.7739416671875 0.71550625 0.7242583328125 0.69932578125 0.629247221875 0.60714765625 0.67544444375 0.60861875 0.68546944375 0.601509375 0.68895555625 0.60494140625 0.706825
0 0.32447265625 0.6984916671875 0.33182734375 0.693697221875 0.3382015625 0.7390236109375 0.3325625 0.7407666671875 0.33423828125 0.75945555625 0.34138828125 0.757327778125 0.34236875 0.7656083328125 0.43380234375000004 0.7226236109374999 0.418675 0.62633194375 0.32667890625 0.6671111109375001 0.32815 0.6771361109375 0.321040625 0.680622221875 0.32447265625 0.6984916671875
0 0.5719765625 0.49103333281249995 0.57001328125 0.48032916718749996 0.5632070312499999 0.48405277812499997 0.56451640625 0.4956875 0.5387304687500001 0.509415278125 0.5368984375 0.49754861093749997 0.5256421875 0.5031333328125001 0.52734375 0.515465278125 0.5222640625 0.5185541671875 0.55311796875 0.6765027781249999 0.60642421875 0.6427236109375001 0.5778671875 0.488240278125 0.5719765625 0.49103333281249995
0 0.3103703125 0.6338861109375 0.3103703125 0.62620555625 0.3013984375 0.625615278125 0.30173046875 0.6368388890625 0.2728203125 0.639202778125 0.27248828125 0.6273875 0.26617421874999997 0.629159721875 0.26617421874999997 0.6403833328124999 0.25853125 0.6403833328124999 0.26517734375 0.8093416671875 0.3220015625 0.8046152781250001 0.31601953125 0.6327041671875 0.3103703125 0.6338861109375
0 0.46256484374999995 0.805797221875 0.4592421875 0.7981166671875 0.4542578125 0.8016611109375 0.44295937500000004 0.7573541671874999 0.448940625 0.7520374999999999 0.44462109375000003 0.734315278125 0.438971875 0.73845 0.434984375 0.7295888890625 0.34692421875 0.7951625 0.3705171875 0.8902749999999999 0.4572484375 0.8223375 0.45558671874999995 0.8128861109375001 0.46256484374999995 0.805797221875
0 0.34758828125 0.6114361109375 0.348253125 0.59903055625 0.34260390625000003 0.5972583328125001 0.34492968749999997 0.548225 0.35290546875 0.5488166671875 0.35347343750000004 0.53225694375 0.34664921875 0.5319541671875 0.34725625 0.51986944375 0.251553125 0.4962388890625 0.24357812499999998 0.598440278125 0.33928125 0.617934721875 0.340278125 0.6090736109375 0.34758828125 0.6114361109375
0 0.4427734375 0.7069236109375 0.45072109375 0.7023833328125 0.46122265625000003 0.7447680562500001 0.45611406250000003 0.7498138890625 0.45895234374999994 0.766465278125 0.46519609375000004 0.7619236109374999 0.46661562500000003 0.7705013890625 0.5551703125 0.7074291671874999 0.533315625 0.6155944437499999 0.44589609374999994 0.679172221875 0.44788281249999995 0.6872458328125 0.44192265624999993 0.6948138890625 0.4427734375 0.7069236109375
0 0.40956562500000004 0.61408055625 0.41552578125000006 0.603484721875 0.43369140625 0.63880555625 0.42858203125000005 0.650915278125 0.43454296875000004 0.6615111109375 0.44078671875 0.6504111109374999 0.4447609375 0.6584847218750001 0.51486640625 0.5499986109375 0.47711718750000004 0.474309721875 0.40559218750000003 0.5833013890625 0.40843046875000005 0.590365278125 0.40275390624999996 0.6019708328125 0.40956562500000004 0.61408055625
0 0.51174453125 0.5217416671875 0.5208265625 0.5131638890625 0.51742109375 0.5015583328125001 0.53927578125 0.47531944375 0.5441007812499999 0.4854111109375 0.5500609375 0.4788513890625 0.54637109375 0.468759721875 0.5526156249999999 0.4622 0.50010703125 0.31990694375 0.45043749999999994 0.3759166671875 0.5035132812499999 0.5161902781250001 0.5080546874999999 0.5126583328125001 0.51174453125 0.5217416671875
0 0.569078125 0.398622221875 0.57503828125 0.3849986109375 0.570496875 0.3784388890625 0.588378125 0.34009027812500003 0.59490625 0.347659721875 0.59859609375 0.33756805624999997 0.59377109375 0.33100833281250003 0.59774453125 0.3188986109375 0.5225296875 0.2119263890625 0.48705078124999995 0.29518194375 0.5614140625 0.398622221875 0.56396875 0.39256805625 0.569078125 0.398622221875
0 0.44163828125000004 0.2669263890625 0.44305781250000004 0.2563291671875 0.43454296875000004 0.2517875 0.4317046875 0.2638986109375 0.40587578124999996 0.24825555625 0.40899843750000003 0.23412777812500002 0.40190234374999995 0.22908194375000002 0.39963203125 0.2416958328125 0.39196796875 0.23463194375000002 0.36103125 0.39357638906250003 0.41297187500000004 0.4278888890625 0.44617968750000003 0.2694486109375 0.44163828125000004 0.2669263890625
0 0.39622578124999996 0.5267875 0.39934765625 0.510640278125 0.39367109375 0.5060986109375001 0.40105078125000004 0.46018194375 0.40843046875000005 0.46320972187500004 0.40984921874999997 0.44756666718749993 0.40332109374999997 0.44655833281249996 0.40530859374999995 0.43394305624999996 0.31164453124999997 0.39004444375 0.29802109374999997 0.48490694375 0.38799453125 0.5328416671875 0.390265625 0.5237597218750001 0.39622578124999996 0.5267875
0 0.691503125 0.622697221875 0.6903742187499999 0.60764444375 0.7171875 0.6011208328125 0.71831640625 0.61416805625 0.7298882812499999 0.6096513890625 0.72819453125 0.60011805625 0.73468671875 0.5981111109375 0.720009375 0.42851249999999996 0.6601734375 0.443565278125 0.67626171875 0.61416805625 0.68303515625 0.612159721875 0.6833179687500001 0.6232 0.691503125 0.622697221875
0 0.6847289062499999 0.2549 0.68303515625 0.24386111093750001 0.67146328125 0.2473736109375 0.6725921875 0.26041944375 0.647190625 0.268447221875 0.64577890625 0.2584125 0.63759375 0.26041944375 0.63872265625 0.27396666718749996 0.6327953125 0.2749708328125 0.6525531250000001 0.4415583328125 0.7106953125000001 0.41948055625 0.69065625 0.25289305624999997 0.6847289062499999 0.2549
0 0.6159796875 0.1549333328125 0.6152062500000001 0.137515278125 0.60772890625 0.1379736109375 0.60798671875 0.090759721875 0.6154640625 0.09121805625 0.6154640625 0.07242499999999999 0.60824453125 0.0733416671875 0.60772890625 0.06050694375 0.5110390625 0.0627986109375 0.51284375 0.1696013890625 0.60876015625 0.16639305625 0.60927578125 0.1553916671875 0.6159796875 0.1549333328125
0 0.3547875 0.1604333328125 0.36149140625 0.154475 0.37386796875 0.1993958328125 0.3671640625 0.20535555625000002 0.37077343749999997 0.21589861093749999 0.37696171875 0.2113138890625 0.3808296875 0.22185694374999998 0.46514296875000005 0.14530694375 0.439359375 0.0499638890625 0.3547875 0.13018055625 0.35633515625 0.1393486109375 0.3504046875 0.14530694375 0.3547875 0.1604333328125
0 0.308634375 0.1489736109375 0.3052828125 0.14118194374999998 0.29806328125000003 0.1489736109375 0.30193046875 0.1595166671875 0.2815609375 0.187477778125 0.2779515625 0.1796861109375 0.2678953125 0.1902291671875 0.27124765625 0.20168750000000002 0.26737968749999996 0.20673055625 0.32771484375000004 0.3396611109375 0.37232109375 0.2773208328125 0.31430703125 0.1420986109375 0.308634375 0.1489736109375