1 0.33591107343750004 0 0.13950104375 0.864989196875 0.637720259375 0.976586875 0.8411646296875 0.087030403125 0.44049672187500005 0 0.33591107343750004 0
0 0.689834584375 0.14235798125000002 0.700706603125 0.0964121765625 0.7078892015625 0.0985408 0.71211671875 0.0802294078125 0.70487601875 0.079498540625 0.7072607921875 0.06687678124999999 0.612533590625 0.0473592296875 0.5902666265625001 0.151830625 0.6844464203125 0.17028101874999998 0.687423603125 0.159677584375 0.6940587921875 0.16073905 0.6972233875 0.14359343125 0.689834584375 0.14235798125000002
0 0.523680234375 0.111193759375 0.534552253125 0.0652479546875 0.54173485 0.067376578125 0.5459623687499999 0.0490651859375 0.5387216671874999 0.048334317187499996 0.5411064421875 0.035712559375 0.44637924062499995 0.016195006249999998 0.42411227656249995 0.12066640312500002 0.51829206875 0.139116796875 0.521269253125 0.1285133625 0.527904440625 0.129574828125 0.5310690359375 0.112429209375 0.523680234375 0.111193759375
0 0.3031109953125 0.1791202046875 0.3101325296875 0.1803350078125 0.2988127125 0.226404071875 0.291624096875 0.223933384375 0.287128321875 0.24439652343749999 0.29501613125000004 0.24581132343749998 0.2927151171875 0.25464939375 0.3863029453125 0.27403503906250004 0.40888528749999997 0.174869178125 0.315958496875 0.15397125312499998 0.3134711578125 0.1633906421875 0.3068266703125 0.16241113125 0.3031109953125 0.1791202046875
0 0.7138923453125 0.5597380578125 0.7109771406250001 0.569861178125 0.6839077359375 0.5630985625 0.6867249359375001 0.55089593125 0.67529528125 0.5479820796875 0.6723243015625 0.559440775 0.666947275 0.5587781125 0.628213578125 0.7279622140625001 0.68380671875 0.7407969015625 0.7239573359375 0.57251864375 0.7191430609375 0.570828459375 0.721031128125 0.5613861765625 0.7138923453125 0.5597380578125
0 0.6725766953125001 0.2574591703125 0.6853060281250001 0.2092509640625 0.6905329171875 0.212588690625 0.6952040875 0.1923556265625 0.6883713171875 0.19077815781250002 0.690706746875 0.18066230156250002 0.5978063390624999 0.1571391375 0.5749652421875 0.2576550015625 0.6671272546875 0.2810632859375 0.6697545421875 0.273145815625 0.675984721875 0.27387430625000003 0.6797893171875 0.2591243359375 0.6725766953125001 0.2574591703125
0 0.7078857875 0.16686905937500002 0.708190321875 0.208851059375 0.6992641859375001 0.2146044640625 0.6989443328125 0.231580096875 0.7083858249999999 0.2287865390625 0.7089506625 0.2367311078125 0.8106092109375 0.1912944890625 0.8070270359375 0.0909416375 0.7063471781249999 0.14236005937500001 0.7059091734375 0.152915396875 0.697674384375 0.1574072640625 0.6984446078125 0.1696612625 0.7078857875 0.16686905937500002
0 0.43115084843749996 0.21663011562499998 0.4335782828125 0.2248906625 0.4079887984375 0.256300421875 0.4048550921875 0.24965432031249998 0.3972662 0.2579714703125 0.3994336890625 0.2673579578125 0.3958940265625 0.27213554375000004 0.439108065625 0.397356265625 0.49419179687500003 0.3277366734375 0.44769228906249997 0.20564029375 0.44296856093750003 0.2116568921875 0.4399655875 0.20444799531250002 0.43115084843749996 0.21663011562499998
0 0.2883913125 0.33528367812500004 0.282896121875 0.3316459625 0.2758928921875 0.34898440625 0.281517740625 0.35206050625 0.2789370109375 0.36034935468749996 0.3605703390625 0.42125298125 0.3963676703125 0.33118753437500004 0.316536178125 0.265368815625 0.3112043640625 0.2783536078125 0.30557951562499996 0.27527750625 0.3012703296875 0.28672231406250004 0.30644885 0.290286921875 0.2883913125 0.33528367812500004
0 0.2975229640625 0.3953837703125 0.295802659375 0.40861079375 0.2654223296875 0.41166755000000005 0.2677752140625 0.3985865703125 0.2574429796875 0.3985702375 0.25564974218750003 0.413557925 0.2487264265625 0.41610610625 0.23408543750000002 0.5791768140625 0.2946757390625 0.569470390625 0.31015265937500003 0.40422362031250003 0.3039356171875 0.40515735625 0.3044462796875 0.3928355890625 0.2975229640625 0.3953837703125
0 0.43073761875 0.39894886406249996 0.42516251406250005 0.4101014125 0.40713343750000003 0.379875221875 0.4128223078125 0.37111941875 0.4069700640625 0.363252715625 0.4013374703125 0.3732060390625 0.3963308421875 0.36771260781250004 0.31962627499999996 0.501837103125 0.35925510625 0.55837430625 0.43541483437500006 0.42490800625 0.43176186562499996 0.420511075 0.43707733906249996 0.41048311249999997 0.43073761875 0.39894886406249996
0 0.5961497375 0.28905013125 0.5967182953125 0.301028078125 0.5675969046875 0.317406696875 0.567214596875 0.3060632984375 0.5595850078125 0.3102259234375 0.559967315625 0.321569321875 0.5536106546874999 0.3245490890625 0.559862578125 0.48088740625000004 0.6199491046875 0.4473713078125 0.6136334453125001 0.29130906093750003 0.6088690203125 0.293171134375 0.6063848609375 0.2837115390625 0.5961497375 0.28905013125
0 0.4365968390625 0.54468688125 0.4284118671875 0.5549503812500001 0.41630998437500005 0.5199475984374999 0.4223385640625 0.5116166 0.41940693749999997 0.50060831875 0.411812440625 0.5097936828125 0.40702471406249996 0.49998329375 0.3199932984375 0.61560925 0.34794435625000003 0.690127603125 0.43748119843750005 0.5734536640625 0.43491592968750004 0.566783425 0.44193565625 0.55564225 0.4365968390625 0.54468688125
0 0.341890759375 0.8467380906249999 0.366654265625 0.8135611203125 0.3707101359375 0.8211827234375001 0.3792950203125 0.809187009375 0.37665488125 0.8043240234375 0.38365814375 0.796216621875 0.33659180312500003 0.6730642796875 0.283634575 0.736053403125 0.32813503437499997 0.864832484375 0.3325976953125 0.85735585 0.3365204703125 0.8655539531249999 0.3454881765625 0.8548625062499999 0.341890759375 0.8467380906249999
0 0.44663187656250003 0.840533753125 0.4491639015625 0.8532728953125 0.45624172031250004 0.843359590625 0.454725825 0.8351099281250001 0.4613451921875 0.8256994375 0.435647025 0.6836358625 0.3780560953125 0.730792109375 0.401683140625 0.878166171875 0.4070291484375 0.8757541640625 0.408911846875 0.888343396875 0.41963634687500007 0.8774503062499999 0.4176790921875 0.866666975 0.44663187656250003 0.840533753125
0 0.4783416671875 0.5580547640625 0.479664390625 0.569534025 0.4530164 0.597492209375 0.4511939390625 0.5853088750000001 0.44391800937500003 0.5924510328125 0.4459411484375 0.602327325 0.439469484375 0.6077778796875 0.4724053453125 0.7472304421875 0.5275302546875 0.6905603421875 0.496360328125 0.554568734375 0.49080006562499995 0.5585790640625 0.488962590625 0.5493329109375 0.4783416671875 0.5580547640625
0 0.45019797500000003 0.466311321875 0.4488301203125 0.509515096875 0.440829003125 0.5111958140625 0.4388307421875 0.5313190046875 0.44683293281249997 0.5296371093750001 0.44641459375 0.5371864937499999 0.5456136468749999 0.511863509375 0.5525540999999999 0.41729401875 0.45191339687500004 0.44024154062500004 0.4518653140625 0.44905237812500004 0.4438631234375 0.45073427343750005 0.44358160468749996 0.467724459375 0.45019797500000003 0.466311321875
0 0.60279729375 0.6323512359375 0.6022508421875 0.64269908125 0.571687509375 0.6585580703125 0.5711845421875 0.647966521875 0.564788459375 0.651728296875 0.5645110437499999 0.6641024843750001 0.5589582453124999 0.6674032546875 0.567282865625 0.8244880703125 0.627171578125 0.7885572515625 0.6189715140625001 0.634121115625 0.6135621234374999 0.6368007234374999 0.6126286234375 0.6280740125000001 0.60279729375 0.6323512359375
0 0.6941210171875001 0.5193184140625 0.692955053125 0.527560425 0.7030384046875 0.5285783875 0.7053341546875 0.5186344 0.71101258125 0.5179811359375 0.736669525 0.3477907234375 0.6767224875 0.3500709609375 0.6520200921875 0.5181098453125 0.65720495 0.5179969 0.6560842484375 0.530832096875 0.664355709375 0.5301232125 0.6660956109375 0.519395203125 0.6941210171875001 0.5193184140625