1 0.5296966624999999 0 0.1213518296875 0.1074698484375 0.3444947046875 0.9888708562499999 0.8390755640625001 0.8621183265625 0.6222412375 0 0.5296966624999999 0
0 0.25069498437500004 0.20669292499999997 0.23952306562499998 0.16081911875 0.24688918124999998 0.1594549046875 0.242342728125 0.1412200828125 0.23555941093750002 0.1438560828125 0.23195410156250001 0.1315273484375 0.1386907640625 0.157142334375 0.166279775 0.2603360171875 0.2585708875 0.2340187078125 0.25640971874999996 0.22321936562500003 0.2628036109375 0.22115282500000003 0.2578393375 0.20443927187500002 0.25069498437500004 0.20669292499999997
0 0.46465882656249996 0.348130290625 0.4688491109375 0.3588202171875 0.4534135609375 0.3906498921875 0.44815770937500005 0.3838370828125 0.44294426875 0.39145517500000004 0.4495797125 0.3997290171875 0.4472017984375 0.405805621875 0.5309388640625 0.528377590625 0.5626638515625 0.459992115625 0.47747160781250003 0.3404224765625 0.47470442031250004 0.34562564375 0.468335284375 0.3363821828125 0.46465882656249996 0.348130290625
0 0.22403830937500002 0.303185784375 0.22603664375000002 0.313529028125 0.1988474640625 0.3197927453125 0.195817728125 0.3076411390625 0.18431097031250002 0.3102338328125 0.186865946875 0.3217924 0.1817741390625 0.3236430828125 0.2240701375 0.4919719515625 0.27943081406250003 0.478168984375 0.2388085453125 0.310003959375 0.2337516671875 0.310683628125 0.2311472421875 0.3014133296875 0.22403830937500002 0.303185784375
0 0.47491035625 0.658826446875 0.4724517546875 0.6663846359375001 0.47898336874999997 0.678643640625 0.4837142296875 0.6697488171875 0.48675179843749994 0.6767067546875001 0.5518256046875 0.584096384375 0.50583080625 0.507035896875 0.44080065468749996 0.5986620234375 0.44601739843750005 0.60739121875 0.44137928593750003 0.6131768015625 0.449318096875 0.6258579125 0.4545459 0.62069683125 0.47491035625 0.658826446875
0 0.4170178203125 0.5815246140625 0.41455888124999996 0.5890814546875001 0.42109007343749993 0.601341996875 0.42582169375 0.5924469828125 0.4288592609375 0.5994049203125 0.49393306875 0.5067945515625001 0.44793826875000003 0.4297340625 0.3829073609375 0.521360378125 0.388124103125 0.5300895734375 0.3834867484375 0.53587496875 0.391425559375 0.5485560796875 0.39665336406249996 0.5433949984375 0.4170178203125 0.5815246140625
0 0.68421725 0.3468412890625 0.6876582531250001 0.36064240000000003 0.6604738109375 0.3623459 0.658757025 0.35037079531250004 0.6505582984375 0.3518509921875 0.6534358625000001 0.364664634375 0.646594140625 0.3659038265625 0.6813529890625001 0.526272421875 0.7387424640625 0.5209843515625 0.7051184203124999 0.356851634375 0.6984480328125 0.3568242546875 0.6952717984375 0.34408508125 0.68421725 0.3468412890625
0 0.6202236703125 0.3498295578125 0.622072840625 0.36233563125 0.5955842234375 0.36555756875 0.5927370109375001 0.3566827515625 0.585434628125 0.357940896875 0.5873515984375001 0.36817416718749996 0.5801367765625 0.37079751562499996 0.6189815921874999 0.53449455 0.6740541531249999 0.5224553421875 0.6368445625 0.35921660312500003 0.6327940640625 0.3607904796875 0.629750215625 0.348582271875 0.6202236703125 0.3498295578125
0 0.7253132546875001 0.8234167046875 0.7317104484375 0.8298404515625 0.73880211875 0.8175485890624999 0.7319639625 0.8082259671875001 0.7353631734375 0.8003616875 0.652965678125 0.6735551390625 0.61846928125 0.736780009375 0.700404840625 0.8672172703125 0.70324255 0.8604949749999999 0.708547946875 0.868194353125 0.7152214609375 0.8610166765624999 0.7101255203125 0.8507601093750001 0.7253132546875001 0.8234167046875
0 0.7737787625 0.7281351796875 0.7767016453125 0.6878108187499999 0.7828077796875 0.6908001875 0.7834401765625 0.6741025953124999 0.7772473140625 0.6696318734375 0.7775508078125 0.6595334875 0.6759364421875 0.5956348296875 0.6698321671875 0.6868917531250001 0.770778303125 0.7534419406249999 0.7707551609375 0.745427534375 0.77851131875 0.7505104671875 0.778616359375 0.7294339937500001 0.7737787625 0.7281351796875
0 0.3327975109375 0.647500790625 0.341155271875 0.6948177140625 0.334049075 0.69506074375 0.33709226718749996 0.71416420625 0.343119009375 0.7141903140625 0.3447926390625 0.7209028749999999 0.442116696875 0.7180267875 0.4226872796875 0.6189022109375 0.32805048281250004 0.6227100328125 0.329180053125 0.6341416078125001 0.32342426875 0.634049375 0.325691315625 0.647743821875 0.3327975109375 0.647500790625
0 0.272715253125 0.5697901671875 0.2659098859375 0.5689404609375 0.267877196875 0.583728803125 0.27384158593749997 0.58580735 0.2747942765625 0.5942269718750001 0.376392321875 0.609639328125 0.3648971890625 0.5106478359375 0.264339946875 0.49283173125 0.265482628125 0.5028400828125 0.258137534375 0.5021249453125 0.260401765625 0.5204034625 0.2663975421875 0.521455021875 0.272715253125 0.5697901671875
0 0.3514115484375 0.3174492625 0.32623103593749997 0.2836423265625 0.3294948546875 0.2706816359375 0.320813665625 0.2619144390625 0.3160869484375 0.27038023906249997 0.3105510296875 0.2632579359375 0.26033871875000003 0.374180834375 0.3113361890625 0.444660590625 0.3630915796875 0.3327574953125 0.35773460625000003 0.324983659375 0.3597069671875 0.31781008125 0.3563870515625 0.3113505328125 0.3514115484375 0.3174492625
0 0.3710986015625 0.47045220781249997 0.3681240125 0.47908950156249996 0.37433644843749997 0.49029441093750004 0.3771316703125 0.4823101875 0.383096078125 0.4911478390625 0.4412848109375 0.3831072765625 0.388887940625 0.30986311875 0.33449510625 0.4127703875 0.3387077234375 0.42143789218750005 0.3346245859375 0.4297432296875 0.3411956703125 0.4396448828125 0.34685089687500004 0.43216141406249997 0.3710986015625 0.47045220781249997
0 0.4614112203125 0.297918909375 0.46244810468750003 0.25271704375000004 0.467809378125 0.2550246921875 0.4692896484375 0.2376490625 0.46156914843749997 0.23410745312499998 0.4618623421875 0.22431652500000002 0.36011150000000003 0.1759397265625 0.3613180125 0.2694276125 0.45992665156249996 0.3207607265625 0.4599356734375 0.3098268140625 0.4669062734375 0.31173321249999997 0.46770133906250005 0.3012102375 0.4614112203125 0.297918909375
0 0.2870371546875 0.22791037187500002 0.2834189875 0.236708128125 0.2909510984375 0.25183671875 0.29621549375 0.24141324531250002 0.30167803125 0.2509829453125 0.35857488437499996 0.14873103125 0.3100484625 0.071385646875 0.2522917734375 0.172194371875 0.2566829984375 0.18020899375 0.2534234796875 0.18770349687500001 0.2589923375 0.1990688671875 0.2641829296875 0.1910943265625 0.2870371546875 0.22791037187500002
0 0.5668651203125 0.361855090625 0.5749789265625 0.320355296875 0.58308991875 0.3268355609375 0.5862850765625 0.31085454375 0.57831655 0.3049456765625 0.5798979953125001 0.2948349796875 0.485800475 0.2074937109375 0.4679845359375 0.2929777390625 0.5634541140625 0.37971210625 0.5654268124999999 0.372539878125 0.5720018609374999 0.376973996875 0.5751189140624999 0.36890809999999996 0.5668651203125 0.361855090625
0 0.5148991125 0.1356048171875 0.5220446937500001 0.14232721718750002 0.5121100140625 0.180638075 0.50532308125 0.1726124203125 0.500596365625 0.18107821875000002 0.5082759984375 0.1913118296875 0.5073641062500001 0.1977429125 0.6006885843750001 0.300064796875 0.6227417671875 0.219862578125 0.530715375 0.119514453125 0.5268491796875 0.12594495156250002 0.519703175 0.11922408749999999 0.5148991125 0.1356048171875
0 0.53088456875 0.08728277031250001 0.5231965859375001 0.087985765625 0.5239005609375 0.10177935468749999 0.5297633703125 0.10335360625000001 0.5307565765625 0.1128238015625 0.6334201375 0.146140784375 0.6268861859375 0.0445195703125 0.5246299296875 0.014056893749999999 0.5256765015625 0.0266313890625 0.5166691796875 0.02341205 0.5169081859375 0.0367132203125 0.5262380109375 0.0398535796875 0.53088456875 0.08728277031250001