1 0.733798725 0.9375386562499999 0.74784815625 0.0251226640625 0.2358482328125 0.02284363125 0.22326433125 0.9319652546875 0.733798725 0.9375386562499999
0 0.6097552140625 0.06406993125 0.6168758828125 0.0637983296875 0.6153817265625 0.111214196875 0.6078365140625 0.11029209531249999 0.607693509375 0.131242790625 0.6157031046875 0.13098670625 0.6152899109375001 0.1401100515625 0.7108631234375 0.13961406875 0.7123342453125 0.0379200890625 0.6170932046875001 0.036799399999999996 0.616618621875 0.0465300984375 0.6099156812500001 0.046953459375 0.6097552140625 0.06406993125
0 0.635204121875 0.1728639796875 0.642324790625 0.17259237656249998 0.6408306359375 0.2200082453125 0.6332854234374999 0.2190861453125 0.6331424171875 0.24003684062500003 0.6411520125 0.23978075312499997 0.6407388187499999 0.2489040984375 0.73631203125 0.24840811718750003 0.7377831546875 0.1467141375 0.6425421140625 0.145593446875 0.6420675296875 0.155324146875 0.6353645890624999 0.15574750625 0.635204121875 0.1728639796875
0 0.4256373875 0.13725666718750001 0.43275805468749995 0.13698506562499999 0.4312639 0.1844009328125 0.42371868749999997 0.1834788328125 0.4235756828125 0.204429528125 0.431585278125 0.20417344218750003 0.431172084375 0.21329678749999997 0.5267452968749999 0.21280080625000003 0.52821641875 0.11110682499999999 0.432975378125 0.1099861359375 0.43250079531249996 0.1197168359375 0.425797853125 0.1201401953125 0.4256373875 0.13725666718750001
0 0.28370775312499996 0.3210270890625 0.2838925109375 0.3362715234375 0.2965646 0.33408679375 0.29681657031249997 0.3196514921875 0.3013415875 0.318928965625 0.3020679640625 0.1480795109375 0.2420032171875 0.151041409375 0.23900770468750002 0.32265415625 0.246690859375 0.321985365625 0.246438890625 0.33642066718749997 0.2563623796875 0.3365938828125 0.2570930578125 0.3205625265625 0.28370775312499996 0.3210270890625
0 0.42141712187499997 0.341880846875 0.4158218953125 0.3522125484375 0.39706952812499996 0.314985159375 0.40264996406250003 0.3054561 0.3956010734375 0.29570659374999997 0.3895551578125 0.306029040625 0.38470459375 0.2995281171875 0.31731049218749996 0.4122593765625 0.3544625140625 0.4810918625 0.42456401718750003 0.3684078625 0.4219553734375 0.3627475859375 0.42622487343750004 0.3507897203125 0.42141712187499997 0.341880846875
0 0.41060632343750003 0.528849815625 0.4101488625 0.541046465625 0.38326184531249996 0.5362181546875 0.3844703546875 0.5231622578125 0.37396097500000003 0.52123549375 0.372499578125 0.53472315625 0.3668926 0.532880575 0.3529414203125 0.7000222703125 0.41082877656249994 0.7128011578125 0.424036496875 0.5460840515625 0.4181537984375 0.5459813687499999 0.4194079515625 0.530310590625 0.41060632343750003 0.528849815625
0 0.3416981140625 0.5293903390625 0.33122193437499997 0.48343800468750003 0.33794616093749996 0.47745305781249997 0.33478848437500003 0.4617052734375 0.328308753125 0.46769448750000003 0.3262853859375 0.4571978546875 0.235254715625 0.517071046875 0.255894934375 0.6128916953125 0.3457608515625 0.5495115296875 0.343469375 0.5403187484374999 0.350914228125 0.535217346875 0.34815503593749997 0.5247078703125 0.3416981140625 0.5293903390625
0 0.24873624374999997 0.699946684375 0.24306761875 0.701591059375 0.2444262796875 0.722101228125 0.251603025 0.7183036796875 0.25243882812499996 0.726600084375 0.3459605578125 0.6785416125 0.3314407265625 0.5832625828125 0.2384703875 0.6278440390625 0.239766296875 0.6378931859375 0.23259716406250003 0.6412546906250001 0.23571680781249998 0.659181309375 0.24315405 0.654515953125 0.24873624374999997 0.699946684375
0 0.33211860937500004 0.71309974375 0.3332247296875 0.7247555453125 0.3072031375 0.73803120625 0.3055784875 0.726134375 0.294226484375 0.731521796875 0.29571256562500003 0.743881559375 0.29057974375 0.746881325 0.31419323593750004 0.91118235 0.3696085453125 0.8829451796875001 0.34670345 0.7175424609375 0.3407649765625 0.7202322859375 0.33898880781249996 0.7094954859375 0.33211860937500004 0.71309974375
0 0.3900031921875 0.8584960031250001 0.384083975 0.8671106765625 0.38846468437500004 0.8805197281250001 0.3934744421875 0.874453459375 0.3965302671875 0.8811744812500001 0.48147906406249996 0.79035154375 0.4512264265625 0.705723171875 0.3683139828125 0.795555109375 0.37135191875 0.803300975 0.365188428125 0.8093471062500001 0.3709492515625 0.8263696828124999 0.3765712875 0.8182624015625001 0.3900031921875 0.8584960031250001
0 0.518868325 0.728578 0.5175509734375 0.7410652437499999 0.5311399875 0.7436486328125 0.5320175625 0.7311537109375 0.5370601765624999 0.7320237953125 0.5490411625 0.5621722984375 0.4920539875 0.5514052625 0.4794266171875 0.720462021875 0.484682675 0.7217275562500001 0.4835984671875 0.7334368078125 0.4939108109375 0.7347892109374999 0.49473382343749994 0.725420203125 0.518868325 0.728578
0 0.45804621562500003 0.695158640625 0.45672886406249996 0.707645884375 0.47031787812500003 0.7102292718750001 0.4711954546875 0.6977343515625 0.47623806875 0.698604434375 0.4882190546875 0.528752940625 0.43123190312500004 0.5179845140625 0.41860528906249994 0.6870426765625 0.42386059062500003 0.6883068078125001 0.4227763828125 0.7000160578125 0.43308870156249996 0.7013698500000001 0.43391171406250006 0.69200084375 0.45804621562500003 0.695158640625
0 0.702563059375 0.7836631374999999 0.7012457078125001 0.7961503828125001 0.714834721875 0.7987337703125 0.7157130781250001 0.7862388640625 0.7207556921875 0.787108946875 0.732735896875 0.6172574390625 0.675748721875 0.6064904015625 0.6631221328125 0.7755471734375 0.668377434375 0.7768113078125001 0.6672939828125 0.7885219593749999 0.6776055453125001 0.7898743500000001 0.6784293390625 0.7805053546875 0.702563059375 0.7836631374999999
0 0.7102096687499999 0.40973686093749995 0.7264529953125 0.3707338515625 0.733474534375 0.378603425 0.7374593890625001 0.3642860671875 0.7313519828125 0.3575395625 0.7349583671875 0.3470884109375 0.654096096875 0.254378328125 0.62300133125 0.34181424374999997 0.6994299578125001 0.438875390625 0.7030363421875 0.4284242390625 0.70886104375 0.4335058328125 0.7156752187500001 0.41757788749999997 0.7102096687499999 0.40973686093749995
0 0.691126953125 0.522282075 0.7058335609374999 0.48214651562500005 0.7119796046875 0.48667946874999995 0.71661518125 0.470714884375 0.7123175265625 0.46731991875 0.7143871921875 0.4557362203125 0.6337489390625 0.36800858125 0.6035489875 0.45767434375000005 0.68451745 0.5443006312499999 0.6871614171875 0.53549265625 0.6929571515624999 0.5422337203125001 0.696602125 0.5295717953125 0.691126953125 0.522282075
0 0.5472039468750001 0.47605767656250003 0.54329634375 0.48594931875 0.5489955328125 0.49822148593750004 0.553826940625 0.4888988296875 0.5583590140625 0.49672495000000005 0.62500801875 0.369515984375 0.5819924171874999 0.3018132796875 0.516334821875 0.42571821249999997 0.5196418484375 0.43241722656250003 0.5164147390625 0.439000796875 0.522989446875 0.45460819687500004 0.528744634375 0.44585591718749995 0.5472039468750001 0.47605767656250003
0 0.4214951421875 0.29569045156249996 0.41469835312500003 0.2928061140625 0.4119481921875 0.307697884375 0.4190276640625 0.3122485203125 0.41761919687500004 0.321629534375 0.5099968890625 0.3608685578125 0.5238793984375001 0.26095812343749997 0.43280398125 0.21842188281250002 0.43075360937499996 0.22890019375 0.424248415625 0.22712667031249997 0.422043565625 0.24645502343749998 0.42823787031249994 0.2482231203125 0.4214951421875 0.29569045156249996
0 0.41170012187499994 0.5002520500000001 0.40475774375 0.50566365625 0.40766700624999996 0.5173342640625 0.414589284375 0.51302941875 0.4172061953125 0.5235878078125 0.5050491953125 0.44820801093749996 0.48176935 0.35539591875 0.39332388906250004 0.4296580875 0.395989059375 0.43745162187500003 0.3899414953125 0.44509307343750004 0.3933953125 0.46119886093750007 0.40003566562500004 0.45522911875 0.41170012187499994 0.5002520500000001