1 0.47787517968750004 1 0.8803299656249999 0.8865341953125 0.6418385078125 0.009161809375 0.1495451125 0.1445266609375 0.38065509375 1 0.47787517968750004 1
0 0.5275999031249999 0.37514535625 0.5327775484374999 0.3911995390625 0.5399699234375 0.389272346875 0.5416051562499999 0.3953751203125 0.629049003125 0.35519039218750004 0.5976295515625 0.2600269515625 0.5103814375 0.29846396875000003 0.5147731203125 0.3122368953125 0.5085386078125 0.314982965625 0.5117313890624999 0.32769245625 0.5191806156250001 0.3247618171875 0.5343948671875001 0.37239002656250003 0.5275999031249999 0.37514535625
0 0.485026546875 0.2748911265625 0.4902045515625 0.29094665000000003 0.49739768125 0.28901925781250004 0.49903291406249994 0.29512203124999997 0.5864760078125 0.2549375046875 0.5550565546875 0.1597740640625 0.46780883749999996 0.1982095359375 0.4722008796875 0.21198380625 0.4659656109375 0.21473007812499997 0.4691580328125 0.22743822812499997 0.476607259375 0.22450758906249998 0.49182226562500003 0.2721355953125 0.485026546875 0.2748911265625
0 0.3324995953125 0.43954512343749996 0.3376776 0.45560064687499996 0.3448707296875 0.453673253125 0.3465059625 0.45977602500000003 0.4339490546875 0.4195915 0.4025296015625 0.324428059375 0.315281884375 0.3628635328125 0.319673171875 0.376638003125 0.313438659375 0.37938407343749997 0.3166310796875 0.392092221875 0.32408030781249997 0.3891615828125 0.3392953125 0.436789590625 0.3324995953125 0.43954512343749996
0 0.8389592421875 0.7655153296874999 0.8451456359374999 0.7627375796875 0.8417995796875 0.74907270625 0.834450996875 0.751041753125 0.83123085625 0.739024025 0.7394959453125 0.76584454375 0.766113225 0.864004365625 0.85797369375 0.8388296531250001 0.8557477484374999 0.829345090625 0.8620743359375 0.82709055 0.8570469984375 0.8071540687500001 0.8496991703125 0.8091229140625 0.8389592421875 0.7655153296874999
0 0.7450272 0.828804078125 0.7525342890625 0.8276107140625 0.7468969609375 0.8074321953125001 0.73926823125 0.8098861046874999 0.7371506828125 0.8010022906250001 0.6454165265625 0.8278226078124999 0.6720330515625 0.9259826328124999 0.7638935203125 0.90080791875 0.7616675749999999 0.8913233578125 0.7679941609375 0.8890688156250001 0.7634304734375 0.872571175 0.7566605109375 0.8747949796875 0.7450272 0.828804078125
0 0.5148269828125 0.09000330625 0.5208610015625 0.088386496875 0.5144677390625 0.0674514609375 0.5085997875 0.0704185203125 0.5064044453125 0.063689371875 0.4184049671875 0.1035240359375 0.44850798125 0.19897838437499998 0.537423296875 0.163968303125 0.533858765625 0.150058575 0.5400927125 0.146993446875 0.5357818562500001 0.13456053750000002 0.5287368453125 0.136796209375 0.5148269828125 0.09000330625
0 0.6238917671875 0.5905734453125 0.619722365625 0.59920645 0.6133850453125 0.59238650625 0.573408115625 0.719855878125 0.6309096015625 0.786127378125 0.6711495015625 0.65858898125 0.6656004109375 0.651556396875 0.668079240625 0.641872353125 0.6599628281250001 0.630516653125 0.655505546875 0.6412326453125 0.629291253125 0.6096711359375 0.63088051875 0.5977206578125001 0.6238917671875 0.5905734453125
0 0.75026233125 0.5246419984374999 0.7439377953124999 0.5273388578125 0.7413255125 0.5174991296875 0.6537062453125 0.55663375625 0.6837619953125 0.6519871765625 0.7705079546875 0.6149270437500001 0.768390509375 0.6059741859375001 0.774589590625 0.6028091203125 0.7688020375 0.5833135875 0.7622020765624999 0.5870864515625 0.747958675 0.5412945390624999 0.754421121875 0.5380589046875001 0.75026233125 0.5246419984374999
0 0.7064405812500001 0.507320059375 0.711000253125 0.52012916875 0.72086835625 0.5169831953124999 0.7156696734375 0.5028427234375 0.7202780093750001 0.5011061015625 0.6670393109375 0.3444947203125 0.6165594359375001 0.36754242656249997 0.6696229296875 0.5277077515624999 0.6759467109374999 0.52501109375 0.6811329390624999 0.540158546875 0.6860167015624999 0.5373459234375 0.6807181921875001 0.5207259671875 0.7064405812500001 0.507320059375
0 0.55426458125 0.3921239484375 0.560144321875 0.4100950671875 0.55418803125 0.4116910515625 0.6062812203125 0.5730164828125 0.659368003125 0.5474427078125 0.6069118734375001 0.38873513437499996 0.6004668515625 0.3898322796875 0.5965259734374999 0.37512471718749996 0.5874024125 0.3794616234375 0.5929668968749999 0.396256190625 0.566793721875 0.40579131874999996 0.561387440625 0.38958415468749996 0.55426458125 0.3921239484375
0 0.315073603125 0.2796112421875 0.32098570625 0.2865436828125 0.32576640625 0.2741248515625 0.318855271875 0.2648374015625 0.32083580624999997 0.257100046875 0.22358990781250002 0.152766846875 0.2016543640625 0.235960896875 0.29945671875 0.33686805625 0.30176473125 0.330352865625 0.3087087734375 0.33701023750000003 0.3110663265625 0.3265505984375 0.3041544359375 0.31726335 0.315073603125 0.2796112421875
0 0.4382913796875 0.2586676078125 0.443527671875 0.2680342953125 0.4511046296875 0.2590030015625 0.44519504843749996 0.247123565625 0.448074990625 0.24204255 0.3677370515625 0.0982354296875 0.3298140578125 0.15794345781250002 0.41007065468750004 0.2969252671875 0.414498425 0.2919701578125 0.41933103281250006 0.29983026874999996 0.42433740468750003 0.29364171093749997 0.4184137203125 0.2828415890625 0.4382913796875 0.2586676078125
0 0.4115268515625 0.3272324578125 0.4173554515625 0.33428792500000004 0.41329125468749994 0.3439927234375 0.50022199375 0.467184090625 0.5315097718749999 0.397407240625 0.44613988281249994 0.2732584359375 0.44268097968750003 0.279571559375 0.43561387187499995 0.2701547921875 0.42884500625 0.282201921875 0.43591175312499997 0.2916173484375 0.4214055484375 0.32566244375000003 0.41502547187500005 0.31767776875 0.4115268515625 0.3272324578125
0 0.379189978125 0.5502380890625 0.3860416984375 0.56563665 0.3914517546875 0.560954665625 0.39542353124999996 0.57012385 0.47735934062499996 0.5163948640625 0.43798281250000004 0.4203137640625 0.357110234375 0.47914273124999995 0.3613638828125 0.48823495 0.356371253125 0.49334285156249996 0.3603289265625 0.50359135 0.3661304015625 0.50149908125 0.384330396875 0.54455281875 0.379189978125 0.5502380890625
0 0.4638621515625 0.7079629390625 0.47206044843750006 0.7170766046875 0.47511491093749997 0.709257109375 0.4796912625 0.715031934375 0.5248371765625001 0.5952261390625 0.47102053125000004 0.5277861171875 0.427247925 0.6504562968750001 0.43182503125 0.6562309203125001 0.4302645765625 0.6684972015625 0.4361195484375 0.6733902171875 0.4384613625 0.6663008796875001 0.4671996 0.7000676171875 0.4638621515625 0.7079629390625
0 0.5334666796875001 0.7744035375 0.53108550625 0.7847357828125 0.5372097203124999 0.7906336265625 0.5405868875000001 0.7794967390624999 0.548084409375 0.78825896875 0.58655351875 0.6616249828125 0.527367290625 0.5956251734375 0.4930712421875 0.726525865625 0.49709536249999997 0.7313716859375 0.4942834140625 0.7423571234375 0.503180615625 0.7518212875 0.5062488203125 0.742921134375 0.5334666796875001 0.7744035375
0 0.3473591078125 0.709560871875 0.34629666718749996 0.7270785875 0.3518961375 0.7298861125 0.3509276296875 0.739839834375 0.4531711546875 0.8093815624999999 0.4616157796875 0.7187982703125 0.3606378875 0.6494551875 0.36039652499999997 0.6575978890624999 0.3518628953125 0.6528834125 0.3520931765625 0.66844 0.3581223078125 0.6705931921875 0.35492271875000003 0.7129190828125 0.3473591078125 0.709560871875
0 0.27453664375 0.47057088125 0.27764647343750004 0.481047996875 0.27222306875 0.4868090953125 0.3380521421875 0.6420426765625 0.38573579375 0.601800865625 0.32238337499999997 0.45128854062499996 0.31756490625 0.4536566203125 0.3126379703125 0.44205165312499994 0.30355326250000003 0.4477168171875 0.3080497828125 0.45997632031249996 0.2848877390625 0.47641455156249995 0.28095643593749997 0.46400359843750005 0.27453664375 0.47057088125