1 0.6767837921875001 1 0.8045213468749999 0.10446659843749999 0.29940060625 0.0301062078125 0.169611625 0.930003590625 0.6246515796875001 1 0.6767837921875001 1
0 0.37385280625 0.2737137234375 0.35426505625 0.3719968984375 0.44595439687500005 0.40122537031250005 0.4468337 0.394968803125 0.45420732968750005 0.3960050984375 0.45738986875 0.3794395859375 0.45030976406249995 0.37753289218749997 0.4596061921875 0.3284055453125 0.46735704843750003 0.33040650625 0.46897713281250003 0.3174026484375 0.46245442968750006 0.31543684375000003 0.4651348796875 0.3012313671875 0.37385280625 0.2737137234375
0 0.40389071718749997 0.16901976406250002 0.384302965625 0.2673029375 0.47599153281250006 0.2965313015625 0.47687083750000003 0.2902747328125 0.48424523906249994 0.29131113750000004 0.48742797187500003 0.27474425 0.48034709375 0.272837446875 0.4896442953125 0.223710209375 0.4973951515625 0.225711171875 0.49901504374999994 0.21270868906249998 0.49249156562499996 0.210742775 0.495172209375 0.1965359203125 0.40389071718749997 0.16901976406250002
0 0.57534703125 0.3138580921875 0.5557592796875 0.41214126718750005 0.647447846875 0.44136963125 0.6483271515625 0.43511306406249994 0.655701553125 0.43614946874999994 0.6588842859375 0.4195825796875 0.6518034078125 0.4176757765625 0.661100609375 0.36854853906249996 0.668851465625 0.3705495 0.6704713578125 0.35754701718750004 0.6639486531250001 0.3555812125 0.6666285234375 0.3413742515625 0.57534703125 0.3138580921875
0 0.29468752187499997 0.7930501921875 0.20036778906250002 0.7776092625000001 0.19863624375 0.7899298484374999 0.1911024703125 0.7888710453125001 0.189446684375 0.802841846875 0.1959254875 0.804844959375 0.190580040625 0.8494363671875 0.183047040625 0.848377671875 0.180486821875 0.8687782281249999 0.1870410109375 0.870244946875 0.1859875359375 0.8799300875 0.280231315625 0.8937221765625001 0.29468752187499997 0.7930501921875
0 0.3956189125 0.843100884375 0.30129995468750004 0.8276600640625 0.3002808546875 0.8367357234374999 0.29240993125000003 0.8352298125000001 0.289273765625 0.8559449406249999 0.2968703328125 0.8562145250000001 0.290928615625 0.9032803625 0.283938103125 0.901898184375 0.2814189875 0.9188290296874999 0.28797317499999997 0.9202957484375001 0.2869197 0.9299808875 0.3811634796875 0.9437729765625 0.3956189125 0.843100884375
0 0.5326685703125 0.096535375 0.44047040312499997 0.067722071875 0.4391115015625 0.07466860625 0.4329256953125 0.0724387859375 0.42913142656250003 0.0939969171875 0.43531750625 0.0948663140625 0.4272139484375 0.1430056171875 0.41994898750000004 0.14164517968749998 0.4171854546875 0.1545107765625 0.4237464796875 0.15679332968749998 0.42190368906250003 0.171033784375 0.5144228984375 0.19494685625 0.5326685703125 0.096535375
0 0.34945335625 0.6782647609375 0.404936334375 0.7999484953125 0.4539327484375 0.7271633046875 0.3987191921875 0.6055160328125 0.3932602515625 0.6130574656250001 0.3880698296875 0.6049969328125 0.382004196875 0.6129425859375 0.3850380140625 0.6246103046875 0.3628654984375 0.6591312765625 0.3571354890625 0.6490383671875 0.3504634875 0.6612985640625 0.35410402812499997 0.67060833125 0.34945335625 0.6782647609375
0 0.24551445312500003 0.647037021875 0.336130315625 0.6732492406249999 0.3543413765625 0.5749436953125 0.26260589843750004 0.546778875 0.2612122484375 0.5568636171875 0.2546061890625 0.5549576265625 0.252113509375 0.5687813546875 0.258922109375 0.571205296875 0.25036550625 0.6183917171875 0.24335494375 0.615451309375 0.2399864390625 0.63550685 0.24652503750000002 0.6378928453125 0.24551445312500003 0.647037021875
0 0.3152544484375 0.3660108046875 0.281498709375 0.52794299375 0.28628433750000004 0.5291050546875 0.28284769375 0.5437736859375 0.2930256390625 0.545693590625 0.2959902859375 0.532424275 0.3231547140625 0.5425954859375001 0.31992116249999997 0.5597372843749999 0.32511129375 0.5619337640625 0.3284128546875 0.546267175 0.3350181390625 0.5481730578125 0.36816686249999997 0.3827347671875 0.3152544484375 0.3660108046875
0 0.3803252546875 0.402593765625 0.34760171406249996 0.56651115 0.4034094546875 0.5854246515625 0.435453725 0.41895315312500003 0.4293473296875 0.4180949546875 0.43299311406249996 0.3995412296875 0.4256138265625 0.397888425 0.4222229984375 0.41463364374999995 0.395082875 0.4083592953125 0.39855913906249996 0.3910117734375 0.38897504843749997 0.3878190765625 0.3868559453125 0.40289728281250003 0.3803252546875 0.402593765625
0 0.7320326968749999 0.121669153125 0.6482266734375 0.23707596406250003 0.6511353921875 0.24451427812499998 0.6454076265625 0.2545747578125 0.6516661671875 0.2663184 0.65668935 0.2587171265625 0.6721157640625 0.294757871875 0.6663872265624999 0.3048182421875 0.670001915625 0.31491260312499997 0.67608286875 0.3074585875 0.6791676796874999 0.3136439390625 0.7639435406249999 0.2015698171875 0.7320326968749999 0.121669153125
0 0.5823142953125 0.0851113234375 0.5201008625 0.23763725937500002 0.523578559375 0.24232942500000001 0.519160765625 0.254840509375 0.5277818828124999 0.2628810875 0.531837634375 0.25294607343750003 0.5545131953125 0.2745173890625 0.54994986875 0.2859589234375 0.5556731187499999 0.29149122968749996 0.5595117984375 0.2831007609375 0.564510440625 0.287479325 0.6272311968750001 0.139752646875 0.5823142953125 0.0851113234375
0 0.5258258078125 0.2683846359375 0.45622218437499995 0.40201202656249996 0.49578040625 0.46745574999999995 0.567049928125 0.3345884390625 0.5618333062499999 0.32545128125 0.566758615625 0.3177380765625 0.56212165 0.30868098125 0.5567622171875 0.317383675 0.5382150859375 0.28536020781250004 0.5440817078125 0.27515374375 0.53589511875 0.264021328125 0.5300283046875001 0.2742291671875 0.5258258078125 0.2683846359375
0 0.5518436109375 0.413349740625 0.5244699296875 0.5135134578125 0.61234291875 0.5568564921875 0.615167646875 0.5472716156249999 0.62110796875 0.55125938125 0.6260320046875 0.5351405828125 0.6202370421875 0.53012415 0.633054446875 0.4851733078125 0.6390676609375 0.4865429578125 0.6417468578125 0.47588853125 0.6361689453125 0.47142715312499994 0.639282825 0.461884315625 0.5518436109375 0.413349740625
0 0.5321497359375 0.52404729375 0.486953103125 0.5975432281249999 0.546363159375 0.71095410625 0.5502016249999999 0.704664609375 0.554186278125 0.7120535734375 0.5612127890624999 0.7020087203125 0.55693801875 0.6945789812500001 0.581346915625 0.657561625 0.5845352484374999 0.6643127234375 0.58975026875 0.6587426390625 0.5867065625000001 0.646757959375 0.5905458015625 0.6404685703124999 0.5321497359375 0.52404729375
0 0.43378876718750004 0.670968475 0.48740393437499996 0.7919703453125 0.493777725 0.782359709375 0.4984869640625 0.7930020125 0.5038467625 0.7864017750000001 0.5002241546875 0.7764367375 0.523402396875 0.7418719765625 0.5275323875 0.75033186875 0.5352098796875 0.7398539546875 0.5310801015625 0.7292930890625 0.534483671875 0.7239929734375 0.484490478125 0.59824763125 0.43378876718750004 0.670968475
0 0.5647629109375 0.712489521875 0.5841839171875 0.8013684781249999 0.6771903296875 0.719884753125 0.6750159890625 0.71012325625 0.68023156875 0.706654253125 0.6770421765625 0.6893965921875 0.6699442062500001 0.6936515437499999 0.6616102374999999 0.652031075 0.6673320203124999 0.6491591671875 0.6656647140625 0.6336904718749999 0.65776924375 0.63940979375 0.6565373343750001 0.6313572015625 0.5647629109375 0.712489521875
0 0.6703562640625 0.43000560625000006 0.6258189015625 0.587116753125 0.678051371875 0.6212474328125001 0.7244715484375 0.4591483921875 0.71838646875 0.454091184375 0.7201962796875 0.44331317031250006 0.7130239890625 0.4375772140625 0.710634503125 0.4503747640625 0.6856417890625 0.436881803125 0.6886107359375 0.42416569375 0.678903334375 0.419649903125 0.6754274125 0.4317688125 0.6703562640625 0.43000560625000006