1 0.2275609375 0.0275263890625 0.2308453125 0.9367291671875 0.74139921875 0.9333916671875 0.73952265625 0.02086944375 0.2275609375 0.0275263890625
0 0.2417421875 0.075159721875 0.23504765625 0.0757 0.2351859375 0.09281666718750001 0.24230078124999999 0.09242083281249999 0.24163437499999998 0.13985555624999998 0.23407421875 0.139065278125 0.234296875 0.160015278125 0.24230078124999999 0.15961944374999998 0.242046875 0.1687486109375 0.337596875 0.166584721875 0.33729296875000003 0.06488055625 0.242046875 0.06542222187499999 0.2417421875 0.075159721875
0 0.349084375 0.04991944375 0.34238984375000003 0.050459721874999995 0.34252812499999996 0.06757638906249999 0.34964296875 0.06718055625 0.3489765625 0.11461527812500001 0.34141640624999997 0.113825 0.3416390625 0.134775 0.34964296875 0.1343791671875 0.3493890625 0.1435083328125 0.44493906250000004 0.14134444375 0.44463515625000005 0.039640278125 0.3493890625 0.04018194375 0.349084375 0.04991944375
0 0.7302484375 0.6206750000000001 0.7299640625 0.61105 0.7226375 0.61105 0.72207421875 0.62156944375 0.6941773437500001 0.62106944375 0.6941773437500001 0.6085458328125 0.68238515625 0.608277778125 0.68206796875 0.6201111109374999 0.6766796875 0.6206750000000001 0.676996875 0.7942361109375 0.73405234375 0.7942361109375 0.7353195312499999 0.6212388890625 0.7302484375 0.6206750000000001
0 0.66710625 0.6375013890625 0.666821875 0.6278763890625 0.6594953125 0.6278763890625 0.65893203125 0.6383958328125 0.6310351562500001 0.6378958328125 0.6310351562500001 0.625372221875 0.61924296875 0.6251041671875 0.61892578125 0.6369374999999999 0.6135375 0.6375013890625 0.6138546875 0.8110625 0.67091015625 0.8110625 0.6721773437499999 0.638065278125 0.66710625 0.6375013890625
0 0.7254890625 0.41144722187499994 0.72982265625 0.3990125 0.72215625 0.3895388890625 0.71648984375 0.40138055625 0.69682421875 0.369997221875 0.70082421875 0.36052361093749996 0.69549140625 0.35045694374999997 0.6901578125000001 0.361115278125 0.6832859375 0.35263333281250003 0.6244953125 0.48487361093750003 0.6684929687500001 0.55119444375 0.7294890625 0.41736944375 0.7254890625 0.41144722187499994
0 0.46344609375 0.6217791671875 0.46777968750000004 0.60934444375 0.46011328125000006 0.5998708328125 0.45444687500000003 0.6117125 0.43478125 0.5803291671874999 0.43878125 0.57085555625 0.43344843749999995 0.5607888890625 0.42811484375 0.571447221875 0.42124296875 0.562965278125 0.364128125 0.6982916671875 0.40645 0.7615263890625 0.46744609375 0.6277013890625 0.46344609375 0.6217791671875
0 0.4413703125 0.224309721875 0.44934140625 0.22178055625 0.454465625 0.26780555625 0.44791796875 0.270840278125 0.44962578124999997 0.2844958328125 0.45674296875 0.28196666718749996 0.45845156249999997 0.2941041671875 0.5498359374999999 0.2516208328125 0.5368546875 0.152490278125 0.4445015625 0.19446944375 0.44564062499999996 0.20205555625 0.43909296875 0.205090278125 0.4413703125 0.224309721875
0 0.48215234375 0.6994291671874999 0.485659375 0.7111958328125 0.49423046875 0.7063513890625 0.5039710937499999 0.7471888890625 0.49656796875 0.754802778125 0.500075 0.771415278125 0.50864609375 0.76656944375 0.51098359375 0.7741833328125 0.596178125 0.694084721875 0.57171015625 0.6043430562500001 0.48721796875 0.6828166671875 0.48916562499999994 0.6932 0.48215234375 0.6994291671874999
0 0.2924875 0.61516805625 0.29150156250000003 0.60290555625 0.2846 0.60203055625 0.2846 0.61779444375 0.2594578125 0.62305 0.2594578125 0.6081611109375 0.24565390625 0.6090361109375 0.24663984375 0.6239250000000001 0.24265703125 0.6237458328125001 0.25156953125000003 0.794709721875 0.30924921875 0.7833236109375 0.300375 0.613415278125 0.2924875 0.61516805625
0 0.39305625 0.7623041671874999 0.39609375 0.7517236109375001 0.39103203125 0.7449791671875 0.3869828125 0.7553208328125 0.3639515625 0.731940278125 0.36648281250000003 0.7207 0.356359375 0.7108083328125 0.35281562499999997 0.723397221875 0.3464609375 0.7183819437500001 0.298403125 0.8647736109374999 0.3477015625 0.9146958328125001 0.39749296875 0.76493194375 0.39305625 0.7623041671874999
0 0.48188984375 0.76114305625 0.4849265625 0.750352778125 0.47885234375 0.7431583328125 0.47581562499999996 0.75395 0.45076015625 0.727422221875 0.45430312500000003 0.71573194375 0.44544531249999997 0.7071888890625 0.44164921875 0.7184291671875 0.43566015625 0.713740278125 0.38951328125 0.860059721875 0.43785234375000004 0.9140138890625 0.4864453125 0.7660888890625001 0.48188984375 0.76114305625
0 0.4883921875 0.600077778125 0.48484999999999995 0.5893791671875 0.5036234375 0.556027778125 0.5085828125 0.561690278125 0.51283359375 0.55288055625 0.5085828125 0.5465875 0.51425 0.5377777781249999 0.4487203125 0.415697221875 0.40703125 0.48556944375000005 0.47280703125 0.607 0.47741171875 0.60070694375 0.4816625 0.6095166671875 0.4883921875 0.600077778125
0 0.6098890625 0.4289111109375 0.6063468750000001 0.419472221875 0.6013875 0.42387777812499994 0.58509375 0.38423194375 0.59005234375 0.37668055625 0.58580234375 0.3640958328125 0.580134375 0.3703875 0.5765921875 0.3634666671875 0.49818984374999997 0.4538375 0.5298359375 0.5390361109375 0.60811796875 0.44527361093750006 0.6052835937500001 0.4352041671875 0.6098890625 0.4289111109375
0 0.5645492187500001 0.348425 0.5610070312500001 0.34024444374999996 0.5567562500000001 0.3459083328125 0.54223359375 0.3018583328125 0.54896328125 0.2968236109375 0.5440046875 0.2798333328125 0.5376289062499999 0.2861263890625 0.53514921875 0.278575 0.4510171875 0.358640278125 0.47953671875000003 0.44659305624999995 0.5620695312499999 0.36226944375 0.55994453125 0.35408888906249997 0.5645492187500001 0.348425
0 0.3707921875 0.43211944375 0.376459375 0.41387083281250003 0.36902109375 0.40820694375000005 0.3800015625 0.36604444375 0.387440625 0.3710791671875 0.39027421875 0.3578638890625 0.38212734375 0.3522013890625 0.38566953125 0.34213194375 0.29897890625 0.27364444374999997 0.27657031249999997 0.36604444375 0.3637078125 0.4340083328125 0.3661875 0.427715278125 0.3707921875 0.43211944375
0 0.33147421875 0.1949416671875 0.33714140625 0.1987166671875 0.3332453125 0.24780138906250002 0.32616093749999997 0.24717222187500001 0.32474375 0.25786944375 0.330765625 0.2616458328125 0.32899453125 0.27045555625 0.42215390625 0.30380833281249997 0.43384296874999995 0.20626805625000003 0.34168984375 0.170515278125 0.3413921875 0.17858055625 0.33359921875 0.1754333328125 0.33147421875 0.1949416671875
0 0.65635625 0.124365278125 0.6555796875000001 0.11057083281249999 0.64781484375 0.11240972187500001 0.6454859374999999 0.06596944375 0.6527328125 0.064590278125 0.65143828125 0.04481805625 0.6454859374999999 0.04481805625 0.64419140625 0.038380556249999996 0.5482453125 0.053377778125 0.55360390625 0.156552778125 0.649109375 0.138159721875 0.6483328125 0.1262041671875 0.65635625 0.124365278125
0 0.7026859375 0.3266375 0.7094148437500001 0.31054444375 0.7034617187500001 0.30364722187500004 0.71976796875 0.266402778125 0.7264976562500001 0.27421944374999996 0.73219140625 0.2618041671875 0.72675625 0.25168888906250003 0.73115625 0.24341111093749998 0.65304921875 0.14156944375 0.6185679687500001 0.224559721875 0.69336796875 0.3266375 0.6964742187499999 0.3183611109375 0.7026859375 0.3266375