1 0.5993107140625 0 0.1570039578125 0.0759621828125 0.30247854687500003 0.9734573765625001 0.8062245875 0.8902927390625001 0.6633386828125001 0 0.5993107140625 0
0 0.4712333734375 0.7308027671875 0.4767438734375 0.7394106015624999 0.48122206562500003 0.7302739593750001 0.4761628921875 0.7226478890625 0.481219253125 0.7134210796875 0.40764173281250005 0.5818178296875 0.3692316859375 0.647941971875 0.4411568265625 0.7803342578125 0.44525668281249997 0.7744172734375 0.4513007546875 0.78452116875 0.45929180937499997 0.7732475734375 0.453247953125 0.76314505 0.4712333734375 0.7308027671875
0 0.40593704218750004 0.7580191093749999 0.41144754062500005 0.76662694375 0.4159257328125 0.7574903015625 0.41086655937499994 0.7498642296875 0.4159229203125 0.7406374203125 0.34019074531250004 0.6096833921875 0.3026811078125 0.6774972046875 0.37586049374999997 0.8075505984375001 0.37996035 0.801633615625 0.386004421875 0.8117375109375 0.3939954765625 0.8004639140625001 0.387951621875 0.7903613921875 0.40593704218750004 0.7580191093749999
0 0.1754689828125 0.150350571875 0.1824343078125 0.1488466046875 0.18919653281249998 0.1958015765625 0.1816058265625 0.196203696875 0.18510304375 0.2168609359375 0.1929464875 0.2152178890625 0.1941238234375 0.22427437968750003 0.2881589375 0.2071898203125 0.2719487359375 0.1067853421875 0.177960015625 0.1222201125 0.179182359375 0.131885390625 0.1726547671875 0.1334662703125 0.1754689828125 0.150350571875
0 0.7285387328125 0.5536269593750001 0.7313678515625 0.5686077125 0.7434680499999999 0.5642556890625 0.741209528125 0.5499959390625 0.745540334375 0.548498628125 0.716587978125 0.3801186265625 0.6579500781250001 0.3934656609375 0.6848003171875 0.5629913906249999 0.6922506125 0.56099859375 0.6945091359375 0.5752583437500001 0.7043119421874999 0.5737057328125 0.7022477046875 0.5577910484374999 0.7285387328125 0.5536269593750001
0 0.6724398109374999 0.364237734375 0.6752689296875001 0.3792184890625 0.6873691281250001 0.374866465625 0.6851106046875 0.360606715625 0.6894414125 0.35910940468749997 0.65743190625 0.189880528125 0.5992978124999999 0.2030324578125 0.6314756453125 0.372864653125 0.636909146875 0.3721967203125 0.638497609375 0.38222587343750003 0.6473647375 0.380393971875 0.6450414999999999 0.3687670375 0.6724398109374999 0.364237734375
0 0.580169365625 0.014160592187500001 0.5818443 0.0247357171875 0.5571119671875 0.028652932812499997 0.55512375 0.018127428125 0.5460447328125 0.019565403125 0.5475825921874999 0.03130266875 0.5423488609375 0.032702528125000005 0.5698130828125 0.20407719375000002 0.6261661046875 0.195151753125 0.6003549625 0.0240861796875 0.595258090625 0.024322528125 0.592868596875 0.0132910671875 0.580169365625 0.014160592187500001
0 0.4219114828125 0.1476274453125 0.404880584375 0.1069646484375 0.410974696875 0.1008639875 0.403555459375 0.08035967031249999 0.3980869234375 0.08635984218750001 0.394348884375 0.078964665625 0.3127346234375 0.1472335625 0.34605484999999997 0.24008793437499998 0.42905777343749996 0.17045866406250001 0.426033521875 0.1635199453125 0.4315012875 0.15751989375 0.42616679062499996 0.1441002859375 0.4219114828125 0.1476274453125
0 0.44370754218749997 0.3541310234375 0.430442465625 0.30887816875 0.4368012125 0.304448346875 0.433521290625 0.2918451625 0.42635977187499996 0.2952617015625 0.4225422671875 0.28331457968749996 0.3383235140625 0.33716196875 0.365558928125 0.4321205078125 0.45053103281249995 0.3810069828125 0.4483578640625 0.37336395312500004 0.45471639374999995 0.3689327609375 0.45015450156250003 0.35025815 0.44370754218749997 0.3541310234375
0 0.49550782968749996 0.440064828125 0.4799543609375 0.39859711249999996 0.48613690312499996 0.39305477187500004 0.480801634375 0.3796352859375 0.4745799625 0.3829029671875 0.470752940625 0.37495096562499997 0.3895015984375 0.441451034375 0.4236333421875 0.5313236906250001 0.5054232546875 0.46416880781250003 0.5022220265625 0.456117690625 0.5077785578125 0.45067309062499994 0.500437796875 0.43471946875 0.49550782968749996 0.440064828125
0 0.5860502046875 0.5152979578125 0.5808951687499999 0.5212498859375 0.5630131890625 0.4812913984375 0.567639390625 0.47200053750000004 0.5637243749999999 0.4634929609375 0.5583047031249999 0.46777404687499996 0.55470296875 0.4592168515625 0.4803906765625 0.5411618453125 0.52038194375 0.6295355265625 0.59304115625 0.5472814359375 0.5876981296875 0.5378581984374999 0.593390965625 0.5312515828125 0.5860502046875 0.5152979578125
0 0.516421475 0.30667175625 0.509260728125 0.3100881734375 0.5129228921875 0.33118755312500003 0.520348828125 0.3294404828125 0.521583140625 0.3372336171875 0.6158629234374999 0.3023316984375 0.5923051171875 0.20222615156249998 0.502809478125 0.23693985 0.5047976953125 0.2474653546875 0.498037671875 0.2513892203125 0.49992893125000004 0.2653527765625 0.5075791656249999 0.2629992625 0.516421475 0.30667175625
0 0.63738051875 0.4833751046875 0.642742821875 0.49571175156249997 0.65183435625 0.488569646875 0.6477317625000001 0.47532194375000003 0.6520142984375 0.4707231671875 0.5958708390624999 0.3174747515625 0.547321390625 0.36151172656249997 0.60340988125 0.5144130796875 0.6070510078125 0.5095601234375 0.6118318781250001 0.5194942578124999 0.6187111390625 0.51483996875 0.6156913484375 0.5046283109374999 0.63738051875 0.4833751046875
0 0.6356858609375 0.7202481749999999 0.631802559375 0.730713671875 0.6408418218749999 0.7440569531250001 0.6452526546875 0.7347397359375 0.649625303125 0.7426657859375 0.7042669703125 0.621969475 0.6553654859375 0.5515313078124999 0.601166203125 0.6684634625 0.6053479687500001 0.67518931875 0.6017082484375 0.68500031875 0.6082013765625 0.693205028125 0.6112618546874999 0.6841016859375 0.6356858609375 0.7202481749999999
0 0.7576937125 0.6750682015625 0.75401075625 0.6824237921874999 0.7312656171875 0.650319996875 0.7338499359374999 0.638215303125 0.7261098734375 0.6265125921875 0.72044230625 0.636644771875 0.71582761875 0.6293729734375 0.6595163296875 0.74171511875 0.706718478125 0.8167310343749999 0.76636550625 0.7013983015624999 0.761413615625 0.6941799109375 0.7651485 0.6849697531250001 0.7576937125 0.6750682015625
0 0.529872315625 0.708073390625 0.5233791875 0.6998686828125 0.5194956687500001 0.7103328078125 0.5255991109375 0.720446984375 0.5220638 0.72654735625 0.6070975859375001 0.8392802937500001 0.6360735359375 0.76204939375 0.55373176875 0.6531986859375001 0.5499536484374999 0.65995343125 0.5424463796875 0.651907940625 0.5378879000000001 0.6624803734375 0.5432210015625001 0.6721006468749999 0.529872315625 0.708073390625
0 0.44223015937500004 0.53296105625 0.447848753125 0.5443838578125 0.43051886406250006 0.5705222109375 0.42398228125 0.5598607203125 0.41778718281250005 0.5688446203125 0.42278252656250004 0.5785197937500001 0.41869115937499995 0.5866178578125 0.48956821875 0.7181510234374999 0.5292095984375 0.660160790625 0.45879265937499997 0.5260292109375 0.4555528578125 0.5296205203125 0.451276146875 0.5222951921875 0.44223015937500004 0.53296105625
0 0.31416683125 0.45694620468749997 0.31338825312499996 0.46905035625 0.2832841484375 0.4534495484375 0.2842476234375 0.4425127890625 0.2751959625 0.438555053125 0.2742324875 0.4494918140625 0.26874543125 0.4467652203125 0.2564977859375 0.6098627875 0.3150719484375 0.6371299171875 0.325254965625 0.47376172031249997 0.3198096390625 0.47342609218750004 0.3204036578125 0.46015168125 0.31416683125 0.45694620468749997
0 0.23684335937499998 0.313428090625 0.24326452812500002 0.3178024546875 0.23625655625 0.3650428515625 0.23120030156250002 0.3586537734375 0.2267039875 0.37494241562499997 0.2335466453125 0.37985047031249997 0.231842496875 0.38611080000000003 0.32947437968750004 0.4557198109375 0.3424443765625 0.36739510000000003 0.2465073296875 0.2957219328125 0.24413621874999997 0.3062811921875 0.2378068359375 0.30249133125 0.23684335937499998 0.313428090625