1 0.77825319375 0.9107031531249999 0.6968522203124999 0.0018169046875000001 0.1874188625 0.053068921874999994 0.2699329828125 0.9585256578125 0.77825319375 0.9107031531249999
0 0.5285982875 0.1076394453125 0.52474015625 0.0605827484375 0.53222899375 0.06038764375 0.5305910703125 0.041666103125 0.5234789046875 0.043208504687499996 0.521846621875 0.0304675609375 0.42572444374999996 0.0411775828125 0.43683074062499994 0.14741665625 0.53210253125 0.1358608640625 0.531657359375 0.1248564015625 0.538295809375 0.12381552656249999 0.5360072312499999 0.10653116250000001 0.5285982875 0.1076394453125
0 0.3622499734375 0.734376746875 0.36641453125 0.7466424 0.34468101406249996 0.773802453125 0.34061262187499997 0.7626270109375 0.3324797703125 0.77212475625 0.3366435484375 0.7843904765625 0.33266062500000004 0.7889912296875 0.39152035937499996 0.9311466562499999 0.43689451406249996 0.8739117421874999 0.3789102109375 0.7340177890625 0.3725907703125 0.73951169375 0.368262653125 0.7289082875 0.3622499734375 0.734376746875
0 0.422469465625 0.6993338125 0.42663324375 0.711599534375 0.4049006265625 0.738760903125 0.40083223593749995 0.7275854609375 0.3926993828125 0.7370832046875 0.396863040625 0.7493475421875 0.3928802375 0.7539496796875 0.456545371875 0.89360873125 0.498566296875 0.8333727062499999 0.439128925 0.6989749234375 0.4328096046875 0.7044702109375 0.428482265625 0.6938667359374999 0.422469465625 0.6993338125
0 0.5012406656249999 0.6961647234375 0.5054052234374999 0.7084303765625 0.48367182656249996 0.7355918140625 0.4796034359375 0.7244163718750001 0.4714705828125 0.733914115625 0.475634240625 0.7461784546875 0.4716514375 0.7507805921874999 0.52965275625 0.8954495640625 0.5759270125 0.84143038125 0.5179001249999999 0.695805834375 0.5115815828125 0.701301053125 0.5072534656250001 0.6906976484375 0.5012406656249999 0.6961647234375
0 0.520952121875 0.4810294921875 0.52017455 0.43530939375 0.529503434375 0.437133825 0.5294882000000001 0.4199642625 0.5203287484375 0.41724387656250006 0.5206027390625 0.40621274218750003 0.423844646875 0.3902475125 0.42697271875 0.4926924953125 0.5215421390625 0.5074131890625 0.52204449375 0.49785386249999997 0.5286886453124999 0.49727257343750003 0.5278235437500001 0.48228399218750007 0.520952121875 0.4810294921875
0 0.553264978125 0.339661403125 0.5524866281249999 0.2939413734375 0.5606379546875 0.293493121875 0.5602588921875 0.27558021718750003 0.5526408265625 0.27587585625 0.5529148171875 0.26484472187499997 0.45527447812500005 0.2543745171875 0.45799467031249996 0.35628077812500003 0.5543432562499999 0.3641411328125 0.55367175625 0.35363328437499997 0.56042755 0.354363925 0.5601364015625 0.3409159046875 0.553264978125 0.339661403125
0 0.6849284671875 0.12391937812500001 0.6856503484375 0.080431253125 0.69237815625 0.081451546875 0.6927322859375 0.06480177031249999 0.6849659984375001 0.062264825 0.6849339156250001 0.051544884375 0.587112115625 0.0319460359375 0.58845255 0.1318231609375 0.6847671421875 0.149666134375 0.6852666968750001 0.1415807171875 0.6917886109375 0.1436897640625 0.6923020296875 0.12541854531250002 0.6849284671875 0.12391937812500001
0 0.7017100484375 0.2708966140625 0.7000855578125 0.28337038593749997 0.6747518015625 0.266286971875 0.6762629484375 0.25596878125 0.6668138609375001 0.2514347921875 0.6655549671875 0.26119415 0.65758020625 0.257009384375 0.6361363265625 0.41816380468750003 0.69159569375 0.4519114 0.717374425 0.29472343125 0.7122102234375001 0.2908866984375 0.712843615625 0.27742889531250003 0.7017100484375 0.2708966140625
0 0.6604087015625 0.19892098593750002 0.6559231171875 0.20628300156249998 0.6344233328125 0.1743896328125 0.63757145625 0.16553573125 0.6310436875 0.15645761875 0.6272961703125 0.1653625671875 0.621184246875 0.1544760515625 0.56395344375 0.28294875625000004 0.6099740515625001 0.3502243546875 0.6672747 0.22566043750000003 0.6636748828125001 0.2190071984375 0.6670761609375 0.20959577812500002 0.6604087015625 0.19892098593750002
0 0.6197029140625 0.3554463 0.6175860156249999 0.366630303125 0.5916582859374999 0.3533171703125 0.593399778125 0.3407913359375 0.58297844375 0.3366630734375 0.5813338265625 0.34734706718749997 0.57484143125 0.3455574953125 0.5564232671875 0.5048759421875 0.611373725 0.5344380765625 0.6329728140624999 0.374448171875 0.6278309453124999 0.371691378125 0.628332775 0.359732690625 0.6197029140625 0.3554463
0 0.5250323109374999 0.688701634375 0.523930325 0.7009177765625 0.5344208859374999 0.7038563124999999 0.5350507 0.6933336015625 0.5401176453125001 0.6945438140625 0.5478302203125 0.5274984609375 0.48907197187499996 0.511432053125 0.4834276359375 0.6774669140625 0.48937058125000005 0.67804978125 0.4891436953125 0.689637259375 0.49605749374999997 0.690685896875 0.49782291250000005 0.6789624187500001 0.5250323109374999 0.688701634375
0 0.4699128109375 0.5194420875 0.46864607031250005 0.5333247640625001 0.44086265312500006 0.5170244984375 0.44303124218749995 0.50636855625 0.435167125 0.501548115625 0.433094165625 0.5132971046875 0.4268165171875 0.5088885734375 0.407001065625 0.6687294015624999 0.4627324125 0.69966063125 0.48295181249999997 0.5408872687499999 0.47712580468750004 0.5380913453125 0.47879559374999997 0.5252748203125 0.4699128109375 0.5194420875
0 0.399272290625 0.6831774328125 0.3941197046875 0.6384549390625 0.4015737796875 0.6350478640625 0.3988393984375 0.621515240625 0.3929239765625 0.6247877015625 0.391256075 0.6128138921875 0.295535465625 0.6316545765625 0.309567959375 0.731791784375 0.40422118906250004 0.71139096875 0.40290929843749995 0.6999367203125 0.40915954374999997 0.7004913078125 0.407013375 0.6830508828124999 0.399272290625 0.6831774328125
0 0.3992894453125 0.5096991328125 0.39863909999999997 0.5235278828125 0.4064279984375 0.5239478546874999 0.406346565625 0.5123859562499999 0.4145394109375 0.5138733953125 0.4101742984375 0.3434790484375 0.3530187734375 0.337314803125 0.3555845265625 0.5063608421875 0.359940884375 0.5065304171875 0.3599266875 0.5169992703124999 0.3689460421875 0.5173115921875 0.3703562265625 0.5050684859375 0.3992894453125 0.5096991328125
0 0.4350648890625 0.1530308125 0.43280067187500004 0.1625937078125 0.40406615625000003 0.1425217046875 0.40561978437499996 0.131918171875 0.39638098906249997 0.125565878125 0.394472784375 0.13564833437499998 0.38897593750000004 0.1327692390625 0.3639001734375 0.28596268281250004 0.4158773625 0.32713926249999997 0.44372102812499997 0.170453790625 0.43867449374999995 0.16593615625 0.440774734375 0.1580397265625 0.4350648890625 0.1530308125
0 0.33700939375 0.315308315625 0.3350801203125 0.32869964375 0.340789965625 0.3337085578125 0.34487363125 0.3201301390625 0.3505826984375 0.325139121875 0.3796850015625 0.172199875 0.32268383125 0.1341048375 0.29439337499999996 0.2854324703125 0.301074971875 0.29090846875 0.2989534203125 0.302111003125 0.3073171140625 0.3090919578125 0.310524778125 0.2961408859375 0.33700939375 0.315308315625
0 0.2134734171875 0.132299615625 0.207581215625 0.128576765625 0.20419539687500002 0.144412675 0.210531884375 0.1471541796875 0.20881851718750002 0.15483830468749998 0.30259435 0.2238625828125 0.31920864375 0.1319955265625 0.22645848281249997 0.0622708546875 0.22469537968750003 0.075750815625 0.21789138125 0.0706954203125 0.214868140625 0.08461605 0.22074253124999998 0.0911650953125 0.2134734171875 0.132299615625
0 0.2546596578125 0.5600878609375 0.2671769625 0.6038509375000001 0.26121207812499997 0.6101614921875 0.2649960921875 0.6223712109374999 0.269283071875 0.618619409375 0.2718816296875 0.6265927171875 0.35818051875 0.564054128125 0.33321062343749996 0.47391516874999995 0.2464699515625 0.5347566375 0.2493615703125 0.546079646875 0.2434992140625 0.5504516671874999 0.2476175171875 0.56649126875 0.2546596578125 0.5600878609375