1 0.2275609375 0.0275263890625 0.2308453125 0.9367291671875 0.74139921875 0.9333916671875 0.73952265625 0.02086944375 0.2275609375 0.0275263890625
0 0.41704765625 0.7635152781250001 0.41265859374999997 0.7525916671874999 0.43548203125 0.7234611109375 0.439578125 0.732825 0.44543046875 0.7245013890625 0.44162656250000004 0.7161777781249999 0.4480640625 0.70785555625 0.3959796875 0.5663625 0.34769843749999996 0.6256638890625 0.39802734375000004 0.767677778125 0.40300234375 0.762475 0.40739140625000003 0.7734 0.41704765625 0.7635152781250001
0 0.34829765625000003 0.7801819437499999 0.34390859375 0.7692583328125 0.36673203125 0.740127778125 0.370828125 0.7494916671875 0.37668046875 0.74116805625 0.3728765625 0.73284444375 0.3793140625 0.724522221875 0.325 0.5833333328125 0.27734375 0.64444444375 0.32927734375 0.78434444375 0.33425234375 0.7791416671875 0.33864140625 0.7900666671875001 0.34829765625000003 0.7801819437499999
0 0.24071796875 0.08623055625 0.23402343750000001 0.0867708328125 0.23416171874999997 0.1038875 0.2412765625 0.1034916671875 0.24061015624999998 0.1509263890625 0.23304999999999998 0.15013611093749998 0.23327265625 0.17108611093749998 0.2412765625 0.17069027812499998 0.24102265625000002 0.17981944375 0.33657265625 0.17765555625 0.33626875 0.0759513890625 0.24102265625000002 0.07649305625 0.24071796875 0.08623055625
0 0.69026640625 0.604759721875 0.6907171875 0.5887180562500001 0.7173359375 0.5887180562500001 0.71778671875 0.60395694375 0.73041875 0.6015513890624999 0.73041875 0.5871138890625 0.73493046875 0.5863125 0.732675 0.41547638906250006 0.67267109375 0.4194861109375 0.67267109375 0.591125 0.68034140625 0.5903222218749999 0.68034140625 0.604759721875 0.69026640625 0.604759721875
0 0.6642609375 0.40491944375 0.66378515625 0.393072221875 0.6915546875 0.392884721875 0.69200546875 0.40812361093750005 0.7046375 0.40571805625 0.7046375 0.39128055625 0.70914921875 0.3904791671875 0.70400703125 0.21832638906250001 0.64453125 0.222222221875 0.6497453125 0.394997221875 0.65521640625 0.39518749999999997 0.65521640625 0.40534166718750003 0.6642609375 0.40491944375
0 0.66849765625 0.04508055625 0.66786328125 0.0338111109375 0.6551843749999999 0.0326833328125 0.6551843749999999 0.043390278125 0.63014375 0.043390278125 0.6298265625 0.0326833328125 0.6206343750000001 0.0326833328125 0.6203171875 0.0445166671875 0.6149289062500001 0.04508055625 0.61524609375 0.2186416671875 0.6723015625000001 0.2186416671875 0.67356875 0.04564444375 0.66849765625 0.04508055625
0 0.48592031249999995 0.1510208328125 0.48275078125000004 0.13693194375 0.47799609375 0.13974999999999999 0.4675359375 0.0969236109375 0.47450937499999996 0.0918513890625 0.47038906249999995 0.0704388890625 0.46404921874999994 0.075509721875 0.46151406250000004 0.0676208328125 0.37022499999999997 0.12228194375000001 0.38860937500000003 0.21920555625000002 0.4814828125 0.16341805625 0.47958125 0.1560916671875 0.48592031249999995 0.1510208328125
0 0.47577734375 0.3634625 0.47419296875 0.3443041671875 0.46721953125000004 0.3471208328125 0.461196875 0.30035 0.4681703125 0.29696944375 0.46690234375 0.2840083328125 0.45929453125 0.2862625 0.45739296874999996 0.273865278125 0.36578750000000004 0.313875 0.3778328125 0.411925 0.46975468749999993 0.3747333328125 0.46880390624999996 0.36684444374999997 0.47577734375 0.3634625
0 0.51539921875 0.452497221875 0.51064453125 0.4355916671875 0.5049390625 0.4401 0.4960640625 0.39670972187500003 0.5030375 0.39220277812500004 0.49986718750000003 0.3781138890625 0.49321093749999995 0.38036805625 0.490675 0.371915278125 0.40002109375000006 0.42488611093750006 0.4196734375 0.5189916671875 0.51096171875 0.4654583328125 0.509059375 0.45700555625000006 0.51539921875 0.452497221875
0 0.5806960937500001 0.5511111109375 0.58735234375 0.5454763890625001 0.58259765625 0.5285708328125 0.576575 0.5336430562500001 0.5651640625 0.49137916718749997 0.57118671875 0.48292638906249996 0.56865078125 0.4739111109375 0.562628125 0.47729166718749994 0.560409375 0.4682763890625 0.47419296875 0.5375875 0.49986718750000003 0.6311291671875 0.58449921875 0.5612541671875 0.5806960937500001 0.5511111109375
0 0.53663671875 0.26823055625 0.5445609375 0.267102778125 0.5464625 0.31162083281249997 0.53885546875 0.313875 0.539171875 0.3352875 0.5467796875000001 0.33472361093749997 0.5467796875000001 0.3426138890625 0.6453585937499999 0.322890278125 0.6377507812500001 0.22033194374999998 0.5439265625 0.24061805625 0.5442437499999999 0.251325 0.5369531249999999 0.25414305625 0.53663671875 0.26823055625
0 0.6149281249999999 0.533227778125 0.61354296875 0.52266944375 0.63828984375 0.5050708328125 0.64165625 0.51809444375 0.651753125 0.5124625 0.6497734375 0.4987361109375 0.6547226562499999 0.4948638890625 0.62324375 0.33471944374999996 0.568403125 0.37061944375 0.5998820312500001 0.5304125 0.6042375 0.5261888890625 0.60740546875 0.5367486109375 0.6149281249999999 0.533227778125
0 0.5766453125 0.7077527781249999 0.5810921875 0.699240278125 0.5995609375 0.7387625 0.59408828125 0.7484916671875 0.60092890625 0.763084721875 0.60674296875 0.754572221875 0.609821875 0.763084721875 0.682671875 0.652422221875 0.64539140625 0.5752013890625001 0.5735671875 0.6822152781249999 0.5766453125 0.6895125 0.571515625 0.6986333328125001 0.5766453125 0.7077527781249999
0 0.72781875 0.7326833328125 0.7329484374999999 0.7241708328125 0.727134375 0.713225 0.7223460937499999 0.7199138890625 0.704903125 0.6846472218749999 0.70934921875 0.6730958328125001 0.70353515625 0.6603263890625 0.69635234375 0.6694472218749999 0.69293203125 0.66154305625 0.61973984375 0.76369305625 0.65462578125 0.84516944375 0.73158046875 0.7405875 0.72781875 0.7326833328125
0 0.51200390625 0.66640694375 0.51576640625 0.6767430562500001 0.4969546875 0.7101847218749999 0.49182499999999996 0.701065278125 0.48635234374999997 0.71079305625 0.49079843749999996 0.7217374999999999 0.48635234374999997 0.727209721875 0.55270390625 0.85185694375 0.5934046875 0.7801097218749999 0.5291046875000001 0.65971805625 0.52431640625 0.6657986109375 0.51816015625 0.656677778125 0.51200390625 0.66640694375
0 0.45146640624999995 0.522302778125 0.44838828125 0.5143986109375 0.43778515625000003 0.52351805625 0.44154765625000003 0.5356791671875001 0.4203421875 0.5587847218750001 0.41555390625 0.5472319437500001 0.4080296875 0.5551361109374999 0.41145 0.5654736109375 0.4061421875 0.57283194375 0.4555703125 0.7138333328125 0.5037953125 0.6627583328125 0.455228125 0.5192625 0.45146640624999995 0.522302778125
0 0.32618515625 0.445565278125 0.3288484375 0.432547221875 0.32318984375 0.42840555625 0.32052734374999997 0.44023888906249997 0.293234375 0.4201208328125 0.295896875 0.40946944375000005 0.28757578125 0.40414444375 0.28491328125000004 0.4147958328125 0.2799203125 0.41124444374999997 0.242309375 0.5704180562500001 0.295896875 0.6065125 0.3315109375 0.44674861093749996 0.32618515625 0.445565278125
0 0.277590625 0.268640278125 0.27193203125 0.26390694375 0.26926953125 0.27455833281249997 0.27492734375 0.2798833328125 0.260615625 0.3254458328125 0.25662109375000003 0.31834444375 0.24963203125 0.3337291671875 0.25562265625 0.339647221875 0.25296015625 0.3455638890625 0.33850078125 0.42958888906250003 0.36512812499999997 0.34438055625 0.281584375 0.25858194375 0.277590625 0.268640278125