1 0.232671875 0.028199999999999996 0.23595625 0.937402778125 0.7465101562500001 0.9340652781250001 0.7446335937499999 0.02154305625 0.232671875 0.028199999999999996
0 0.44386640625 0.6765027781249999 0.444071875 0.6634 0.43611796875 0.6643027781249999 0.43374921874999994 0.614359721875 0.44102578125 0.6134569437499999 0.44017968749999997 0.5966097218749999 0.43273359375 0.5966097218749999 0.43273359375 0.5902916671875 0.33786875 0.606475 0.3435875 0.706527778125 0.4378109375 0.69198194375 0.43713359374999994 0.6775416671875 0.44386640625 0.6765027781249999
0 0.45904140625 0.7843583328125 0.459246875 0.77125694375 0.45129296874999997 0.772159721875 0.44892343749999997 0.7222166671875 0.45620078125 0.7213138890625 0.4553546875 0.704465278125 0.4479078125 0.704465278125 0.4479078125 0.698147221875 0.35304375 0.71433055625 0.3587625 0.8143833328125 0.45298515625 0.7998388890625 0.45230781249999996 0.785397221875 0.45904140625 0.7843583328125
0 0.64898671875 0.6647916671874999 0.6491921875 0.651690278125 0.6412382812499999 0.65259305625 0.63886875 0.60265 0.64614609375 0.601747221875 0.6453 0.5848986109375 0.637853125 0.5848986109375 0.637853125 0.57858055625 0.5429890625 0.5947638890625 0.5487078125 0.6948166671875 0.64293046875 0.6802722218749999 0.64225390625 0.66583055625 0.64898671875 0.6647916671874999
0 0.24161484375 0.08980277812500001 0.23492031249999998 0.09034305625 0.23461640625000002 0.1109013890625 0.2422234375 0.1109013890625 0.2413109375 0.155802778125 0.23461640625000002 0.156884721875 0.23431171874999998 0.17095 0.24191953125 0.17095 0.24191953125 0.1833916671875 0.3374703125 0.181227778125 0.337165625 0.0795236109375 0.24191953125 0.080065278125 0.24161484375 0.08980277812500001
0 0.34853046875000004 0.0542861109375 0.3418359375 0.0548263890625 0.34197421875 0.07194305625 0.3490890625 0.071547221875 0.34842265625 0.11898194375 0.34086249999999996 0.1181916671875 0.34108515625 0.1391416671875 0.3490890625 0.1387458328125 0.34883515625 0.147875 0.44438515624999997 0.1457111109375 0.44408125 0.04400694375 0.34883515625 0.0445486109375 0.34853046875000004 0.0542861109375
0 0.37672343750000004 0.8292541671875 0.36990859375 0.8306013890624999 0.3708546875 0.8437263890625 0.37823828125 0.843390278125 0.37956328125 0.8921888890625 0.37331640625 0.8921888890625 0.3740734375 0.9140652781249999 0.38050937500000004 0.9127180562499999 0.38088828124999996 0.9197861109375 0.47619921875 0.9040847218750001 0.47182734374999996 0.8040916671874999 0.37688046875 0.8148958328125 0.37672343750000004 0.8292541671875
0 0.37926796875 0.33252916718750003 0.386346875 0.32333194375 0.40349921875000005 0.36060277812499997 0.39887109375 0.371734721875 0.403771875 0.380447221875 0.41003359375 0.3731875 0.41438984375 0.381415278125 0.48599609375 0.2686361109375 0.44760625000000004 0.189740278125 0.375728125 0.30251805625 0.37926796875 0.310747221875 0.3743671875 0.319459721875 0.37926796875 0.33252916718750003
0 0.2619203125 0.3499541671875 0.269271875 0.34801805625000004 0.271178125 0.39593611093750003 0.2640984375 0.39738888906250003 0.26464296875 0.41142500000000004 0.27145 0.41045694375 0.27142656249999997 0.42063750000000005 0.3661890625 0.40551388906249997 0.36183671875 0.30563055625 0.2684546875 0.31897638906250003 0.2681828125 0.328172221875 0.26137578125 0.329625 0.2619203125 0.3499541671875
0 0.33652187499999997 0.430302778125 0.3354328125 0.41432916718749996 0.3299875 0.41578194375 0.33080390625 0.43320694375 0.30248828125 0.4394986109375 0.30139921875 0.4259458328125 0.291053125 0.42643055625 0.29241484375 0.441434721875 0.2875140625 0.44191944375 0.29840468750000004 0.6069736109375 0.35312968749999996 0.5977763890625 0.343328125 0.429334721875 0.33652187499999997 0.430302778125
0 0.384378125 0.593809721875 0.38334999999999997 0.576147221875 0.41109921875 0.5737111109375 0.4121265625 0.590765278125 0.4196640625 0.5901555562499999 0.41863593750000005 0.571275 0.42480234375 0.571275 0.41623828124999995 0.4019638890625 0.35834140625 0.4129263890625 0.36793359375 0.579802778125 0.37444296875 0.5804111109375001 0.37444296875 0.5956375 0.384378125 0.593809721875
0 0.64757265625 0.7151736109375 0.64258828125 0.7069458328125 0.6376039062500001 0.7164388890625 0.6418765625 0.7271986109374999 0.6215843750000001 0.7607416671875 0.61766796875 0.752515278125 0.6098359375 0.7632736109375 0.6141078125 0.7740333328125 0.6101921875 0.7809944437499999 0.6771210937500001 0.9069416671875 0.71984140625 0.832259721875 0.65148828125 0.709477778125 0.64757265625 0.7151736109375
0 0.5287460937499999 0.7230708328125 0.5261125 0.7142277781249999 0.519675 0.718909721875 0.5226015625 0.7308749999999999 0.49714453125 0.74908055625 0.4945109375 0.738677778125 0.48485468750000005 0.745440278125 0.48748828125 0.75844444375 0.48339140625 0.76260694375 0.523771875 0.92230694375 0.57585625 0.8744486109375 0.53430546875 0.7194305562500001 0.5287460937499999 0.7230708328125
0 0.51236015625 0.72879305625 0.5079710937499999 0.71786944375 0.53079453125 0.6887388890625 0.534890625 0.698102778125 0.5407429687499999 0.6897791671875 0.5369390625 0.68145555625 0.5433765625 0.6731333328125 0.49129218750000003 0.531640278125 0.4430109375 0.5909416671875001 0.49333984375 0.7329555562500001 0.49831484374999996 0.7277527781249999 0.50270390625 0.738677778125 0.51236015625 0.72879305625
0 0.63701171875 0.5436041671875 0.63584140625 0.53268055625 0.62969609375 0.5332 0.6232593750000001 0.486902778125 0.62969609375 0.48274166718749995 0.62706328125 0.46609444375000003 0.62062578125 0.46921666718750005 0.6191625000000001 0.45933194374999997 0.5261125 0.4900236109375 0.5392796875 0.593022221875 0.6326226562499999 0.5571291671874999 0.6308671875 0.5472458328124999 0.63701171875 0.5436041671875
0 0.6109695312500001 0.35529305624999996 0.60658046875 0.3490513890625 0.6024835937499999 0.35529305624999996 0.5834640624999999 0.3152388890625 0.58873125 0.3084763890625 0.58317109375 0.2975513890625 0.5781968749999999 0.3043138890625 0.57527109375 0.2975513890625 0.50065546875 0.40159027812500003 0.53518359375 0.48066111093749997 0.6092140625 0.3735 0.6062875 0.3667375 0.6109695312500001 0.35529305624999996
0 0.5626890625 0.2772638890625 0.5682484375 0.26738055625 0.5621039062500001 0.2559361109375 0.55683671875 0.2637388890625 0.53869453125 0.226284721875 0.5436687499999999 0.2169208328125 0.5392796875 0.2096388890625 0.53313515625 0.219522221875 0.5281609375 0.20911805625 0.45822734374999996 0.32148055625 0.49831484374999996 0.40054999999999996 0.565321875 0.2829861109375 0.5626890625 0.2772638890625
0 0.68265859375 0.3906666671875 0.6864625 0.37558055625 0.68119609375 0.37194027812499997 0.69524140625 0.331884721875 0.701678125 0.33708611093749996 0.70723828125 0.32044027812500003 0.70255625 0.3162791671875 0.70606796875 0.306915278125 0.62530703125 0.21328055625000003 0.59370546875 0.2985916671875 0.6732953125 0.39170694375 0.6756359375 0.3839041671875 0.68265859375 0.3906666671875
0 0.67622109375 0.6013458328125 0.6750507812500001 0.588340278125 0.701678125 0.57845694375 0.70226328125 0.5914625 0.7101640625 0.58678055625 0.7098718749999999 0.57585555625 0.7166015625 0.57169444375 0.69319296875 0.40471250000000003 0.63671875 0.4312416671875 0.65895703125 0.593022221875 0.66422421875 0.59198194375 0.6659796874999999 0.6044666671875001 0.67622109375 0.6013458328125