1 0.6222412375 1 0.8390755640625001 0.1378816734375 0.3444947046875 0.01112914375 0.1213518296875 0.8925301515624999 0.5296966624999999 1 0.6222412375 1
0 0.2617604859375 0.7842225468749999 0.169572221875 0.7590072984375 0.167610040625 0.767926715625 0.1599396453125 0.76560631875 0.1546553390625 0.7858801484375 0.1621821125 0.7869423125 0.15135322499999998 0.833129240625 0.1445454828125 0.831023928125 0.1402704125 0.847598703125 0.1466353828125 0.8497424859375 0.1445753046875 0.8592644515625001 0.23686114218749998 0.88283214375 0.2617604859375 0.7842225468749999
0 0.359807975 0.8346815078125 0.2676197109375 0.8094662578125 0.2656575296875 0.8183856734375 0.257987134375 0.8160652781250001 0.252702828125 0.8363391078125 0.26022960156249997 0.837401271875 0.249400715625 0.8835881984375 0.2425929734375 0.8814828875 0.238317903125 0.8980576625 0.2446828734375 0.9002014468749999 0.24262279531250003 0.9097234109375 0.3349086328125 0.933291103125 0.359807975 0.8346815078125
0 0.74292146875 0.257323378125 0.7006254703125 0.4256522484375 0.7057172796875 0.42750293125 0.7031623031249999 0.43906149687499996 0.7146690609374999 0.44165419375 0.7176987968749999 0.42950258750000003 0.7448879749999999 0.43576630468750005 0.742889640625 0.4461095453125 0.7499985734375 0.44788200156249997 0.752603 0.43861170156249996 0.7576598765625 0.439291371875 0.798282146875 0.2711263453125 0.74292146875 0.257323378125
0 0.685725546875 0.22572132812499998 0.6434295484375 0.394050196875 0.6485213562500001 0.3959008796875 0.6459663796874999 0.407459446875 0.6574731375 0.4100521421875 0.6605028734375 0.39790053593749997 0.6876920531249999 0.404164253125 0.68569371875 0.41450749531250003 0.6928026515625 0.41627995 0.6954070765625 0.40700965 0.7004639546875 0.40768932031249994 0.7410862234375 0.2395242953125 0.685725546875 0.22572132812499998
0 0.617137865625 0.5447952125 0.6421903390625 0.6873301281249999 0.6509100578125 0.680762590625 0.6535067359375 0.692394640625 0.6611164890625 0.6839171203125 0.6595271796875 0.673757228125 0.6862009671875 0.6480636578125 0.6888342984375 0.6609244046875 0.6985648531249999 0.653586871875 0.6973682171875 0.6404731234375001 0.7026821156249999 0.6356945046875 0.6758730640625 0.49108838906249996 0.617137865625 0.5447952125
0 0.416135196875 0.2747280609375 0.43881506875 0.419852009375 0.4475347875 0.4132844734375 0.45013146718749997 0.4249165203125 0.45774121875 0.416439 0.45615190937500005 0.40627910937499995 0.482825696875 0.380585540625 0.485459028125 0.3934462875 0.49518958281250003 0.3861087546875 0.49399294843749997 0.3729950046875 0.49930684531249997 0.3682163859375 0.4724977953125 0.22361026874999998 0.416135196875 0.2747280609375
0 0.372235571875 0.78302870625 0.45168973437500004 0.8461031531250001 0.4882672375 0.7530576484375 0.40987501875000004 0.6897283703125 0.40528085 0.7010919875 0.398986934375 0.6969161453125 0.3940262734375 0.709752915625 0.3996452703125 0.7142815140625001 0.3835388078125 0.7576997140625 0.37641635 0.75331729375 0.36955704843750004 0.7714148984375 0.375176046875 0.775943496875 0.372235571875 0.78302870625
0 0.5948229281249999 0.41610463593749997 0.6402745671875001 0.33494801875 0.5769882859375 0.23661825625000002 0.5728782531250001 0.24344048749999997 0.5657340703125 0.23666505937500001 0.5583122859375 0.2519356703125 0.5636535406250001 0.26111437187500003 0.5443227671875001 0.298382353125 0.5371782484375001 0.29160827500000003 0.5309287781250001 0.3021769921875 0.5362267625 0.30991779375 0.5318250046874999 0.31952151562500003 0.5948229281249999 0.41610463593749997
0 0.3302457125 0.153943646875 0.28023804375 0.3176730484375 0.28414589375 0.3184627328125 0.2795872953125 0.3326708390625 0.292769484375 0.33685931406249997 0.2963714328125 0.3224126890625 0.31949535625 0.333594578125 0.3156817265625 0.3488902109375 0.32258996406249996 0.349710840625 0.32651318281249997 0.338051109375 0.3337423546875 0.34165998124999997 0.3834575171875 0.1789455203125 0.3302457125 0.153943646875
0 0.3926381375 0.09729102656250001 0.40385307812500004 0.250960471875 0.411232309375 0.24763150781249998 0.41162526718750003 0.2607037640625 0.42384100625 0.2535550015625 0.4241042140625 0.24203624375000002 0.45210760624999996 0.2249219546875 0.45353467031249994 0.2359360234375 0.4600776625 0.23061645937500003 0.4596900578125 0.21961535312499997 0.464630703125 0.21813897187500003 0.4525494796875 0.0607780796875 0.3926381375 0.09729102656250001
0 0.4799015390625 0.123906434375 0.48927977812499995 0.2770435046875 0.496225284375 0.27394278125 0.4971893484375 0.2857675328125 0.5078507984375 0.2796211421875 0.5072412046875 0.26742099375 0.5379700703125 0.2477426703125 0.53830584375 0.25894842812499996 0.5459401265625 0.253437175 0.545604015625 0.24223276562499998 0.5512206734375 0.2385359125 0.5398574203125001 0.0832492140625 0.4799015390625 0.123906434375
0 0.499500421875 0.3895997828125 0.4063017515625 0.49151073125 0.42984885000000006 0.5693929468750001 0.5229659859375 0.4667917703125 0.519598403125 0.45687271875 0.5252453453125 0.45179495000000003 0.5232520953125 0.4422185578125 0.5170701515625 0.44651307500000004 0.506922796875 0.409610659375 0.5129479953125 0.400086775 0.50870168125 0.389300203125 0.5024459015625 0.39681988281249997 0.499500421875 0.3895997828125
0 0.538393371875 0.46934139531249996 0.48707589375 0.544353359375 0.54128666875 0.6510070359375 0.546397940625 0.6451487140625 0.550375453125 0.6526246984374999 0.55754373125 0.6414419625 0.554559275 0.6329152921875 0.579960225 0.5983889234374999 0.5837064859375001 0.603863396875 0.5894269296875 0.595561815625 0.586480690625 0.5883415265624999 0.591666890625 0.5792568859375 0.538393371875 0.46934139531249996
0 0.46722425625 0.5468700140625 0.41827417499999997 0.62531071875 0.48053758125 0.723351096875 0.48477045781249994 0.7166239062499999 0.4894344234375 0.7242724734375 0.49835604531250005 0.7089864718750001 0.49304426718750005 0.70247324375 0.5177921984375 0.663245065625 0.5205464953125001 0.6697690703125 0.5259625203125 0.66268844375 0.5228648296875 0.656078821875 0.5269057640625 0.6486553484375001 0.46722425625 0.5468700140625
0 0.250800346875 0.5759239703125 0.2501897265625 0.671000425 0.3508738953125 0.6255196562500001 0.3498729453125 0.6148923843749999 0.35914770625000003 0.6113689921875001 0.359595346875 0.59786075625 0.351159246875 0.6009462546875 0.3507049765625 0.5573797453125 0.359292528125 0.55368358125 0.35820841875 0.5346060140625 0.352675046875 0.5377653828125 0.35179144375 0.53105936875 0.250800346875 0.5759239703125
0 0.2666827640625 0.781398925 0.3647479265625 0.769002015625 0.37700320781249996 0.6715312609375 0.278542296875 0.681356025 0.2781295171875 0.6903325296875 0.2713729265625 0.6925399203125 0.270160125 0.7032622374999999 0.2771862734375 0.704365625 0.2690919671875 0.7529348703125 0.2626798640625 0.7552267203125 0.26002225 0.7746696578125001 0.26834511562499996 0.773501209375 0.2666827640625 0.781398925
0 0.4689242375 0.8462133296875001 0.43876452656250003 0.9450272312499999 0.5282324546875 0.98279043125 0.5310459046875 0.9768573281249999 0.5368214390625 0.97829733125 0.5428608500000001 0.9594256031249999 0.5361628890625 0.956334228125 0.5496575359375 0.9118368374999999 0.5567468640625 0.9154995890625001 0.5608375375 0.9023027656249999 0.553497296875 0.8985774546874999 0.557143103125 0.8871648984375 0.4689242375 0.8462133296875001
0 0.5484109593750001 0.7959427125 0.561790803125 0.88480959375 0.6622154515625 0.8048888609375 0.659948725 0.7957925109375 0.6676695421875001 0.787292584375 0.6651484484375 0.7738686515625 0.6567276375 0.7798250703125 0.6499159999999999 0.73974210625 0.65736088125 0.734489953125 0.6547251140625 0.717247059375 0.6466956703125 0.723774853125 0.6456839296875 0.7149928390625 0.5484109593750001 0.7959427125