1 0.7489261796875 0.9291126625 0.7311241953125001 0.016762170312499998 0.21935662968749997 0.032353065624999996 0.23850828124999998 0.9413600484375 0.7489261796875 0.9291126625
0 0.5558983125 0.11059013124999999 0.5553320890625 0.0633789328125 0.5628162921875 0.0637066984375 0.562488309375 0.04491650625 0.555285875 0.0459590328125 0.55454633125 0.0331352625 0.457911209375 0.0371140515625 0.4615795875 0.143869065625 0.5574253921875 0.13898724843750002 0.5577489375 0.1279785375 0.564443825 0.1274032734375 0.5633665171875 0.11000137031249999 0.5558983125 0.11059013124999999
0 0.34623623124999997 0.7241968609375 0.349535034375 0.736723140625 0.3259598703125 0.7623009796875 0.3226809484375 0.7508689640624999 0.31390537812499997 0.759776253125 0.3172034 0.772302546875 0.31290924531250003 0.7766142578124999 0.3617093390625 0.922529246875 0.41096547031249997 0.8685988953124999 0.3628809234375 0.7250009375 0.3561936421875 0.7300406359375 0.3526157234375 0.7191611453125 0.34623623124999997 0.7241968609375
0 0.4087535015625 0.6934399890625 0.41205152500000003 0.7059662828125 0.388477165625 0.731545496875 0.38519824375 0.7201134796875001 0.3764226734375 0.7290207703125 0.379720671875 0.7415456734375 0.3754265421875 0.7458587734375 0.42919446875 0.889618678125 0.475314884375 0.8324606171875001 0.4253974140625 0.6942440796875 0.41871015624999997 0.6992851671875 0.41513301875 0.6884056609375 0.4087535015625 0.6934399890625
0 0.487553884375 0.6957734203125 0.4908526875 0.7082997 0.467277546875 0.733878928125 0.463998625 0.7224469124999999 0.4552230546875 0.7313542015625 0.458521053125 0.7438791078125 0.45422692343750004 0.7481922078125 0.5019953578125 0.896554740625 0.551925078125 0.8458950749999999 0.504197796875 0.6965775109375001 0.49751131875 0.701618584375 0.4939334015625 0.69073909375 0.487553884375 0.6957734203125
0 0.5222243984375 0.4825372484375 0.5246379937500001 0.43687428281249996 0.5338168875 0.4393450203125 0.5349993796875 0.42221621875000004 0.526052003125 0.418863528125 0.5270948203125 0.40787837812500005 0.431686103125 0.3852025359375 0.4276603546875 0.4876161703125 0.5209725453125 0.508897834375 0.5221405015625 0.49939683593749995 0.5288090171875 0.49928043593749993 0.5289915734374999 0.4842680203125 0.5222243984375 0.4825372484375
0 0.5643198828125 0.3437675578125 0.566732696875 0.2981046046875 0.574895434375 0.298226053125 0.5757668375 0.280330340625 0.5681467062500001 0.28009385 0.5691895234375 0.2691087 0.47251739531250003 0.2518529546875 0.4681223390625 0.35370072656249996 0.5636879140625 0.368262871875 0.5637510406249999 0.35773377968750003 0.5704394109375001 0.3589339 0.5710870578125 0.34549832812500003 0.5643198828125 0.3437675578125
0 0.7107120484375 0.13773545 0.71446575 0.094403615625 0.721105996875 0.09589073125 0.7226206937499999 0.079306215625 0.7150502921874999 0.0762337015625 0.7157660734375 0.0655376359375 0.619549709375 0.0391628265625 0.6139198015625 0.138890159375 0.7087551140625 0.16340823437500002 0.7098174625 0.155377359375 0.7161763703124999 0.157936215625 0.7179630734375 0.13974531875 0.7107120484375 0.13773545
0 0.7172001375 0.28552527968749997 0.714709478125 0.2978553484375 0.6906291109375 0.2790463546875 0.6928563390625 0.26885871093749997 0.6837465421875 0.26367663124999996 0.6818099375 0.2733243984375 0.6741465171875001 0.2685935359375 0.641513309375 0.42785954375 0.69448346875 0.46539358125 0.73116428125 0.31038674843749997 0.726280296875 0.306199125 0.7278509140625 0.2928182875 0.7172001375 0.28552527968749997
0 0.6810201640625 0.2108439453125 0.676031959375 0.21787512812499998 0.656809315625 0.1845597 0.6605673875 0.17594696875 0.6546887781249999 0.166435615625 0.6503292109375 0.175057459375 0.6449915796875 0.16377111718749998 0.5789383859375 0.2879386484375 0.62015398125 0.358260603125 0.6860041875 0.23799720781249997 0.6828772468750001 0.23110906562500003 0.686926746875 0.22195783125 0.6810201640625 0.2108439453125
0 0.6294948812500001 0.36414847968749997 0.62660298125 0.37515757031249997 0.6016670890625 0.3600682421875 0.6042780953125 0.3476944 0.5941701203124999 0.34284923749999996 0.59178423125 0.3533924828125 0.585432484375 0.351154384375 0.5559456953125 0.508799953125 0.6087001453124999 0.542123225 0.6414069515625 0.38402972343749997 0.6364699125 0.38092096875000003 0.637804715625 0.3690264171875 0.6294948812500001 0.36414847968749997
0 0.5118081734375 0.6899881328124999 0.5098567171874999 0.7020976453125 0.520116740625 0.705760809375 0.521479046875 0.6953076640625 0.5264492296875 0.6968683812500001 0.5457955125 0.53076794375 0.4883011328125 0.5106419046874999 0.47108853906250003 0.675878584375 0.47697635 0.6768745890625001 0.475941715625 0.688418015625 0.48276552187500005 0.6899463796874999 0.485344428125 0.6783746093749999 0.5118081734375 0.6899881328124999
0 0.46862989062500005 0.5172959515625 0.46639782968750004 0.531056446875 0.43981914062499994 0.512857815625 0.4427257671875 0.502379103125 0.43521706406250005 0.49702183125 0.43232958593750004 0.5085975984375 0.426374753125 0.5037619 0.39545763906250003 0.6618311078125 0.4488955734375 0.6965746125 0.48014118906250003 0.5395984484375 0.47452440781250005 0.5364029328125001 0.4770841640625 0.5237341078125 0.46862989062500005 0.5172959515625
0 0.38673984687499996 0.6757048125 0.3847194953125 0.6307318328125 0.39239307968750003 0.627853028125 0.3906093453125 0.614162628125 0.384480059375 0.6170144796875 0.3836514703125 0.604953490625 0.286849771875 0.6170711484375 0.2938628640625 0.7179432828125 0.3897086125 0.7041948390625 0.3891989265625 0.6926769796875 0.395395259375 0.6936662109375 0.3944709015625 0.6761185609375 0.38673984687499996 0.6757048125
0 0.39885819375 0.50265029375 0.3972447875 0.516399990625 0.40498541718750003 0.5173622671875 0.40571070000000004 0.5058228515625001 0.41377982968750004 0.5078781718750001 0.42131145937500003 0.3375944015625 0.364725159375 0.327458203125 0.35549260625 0.496271434375 0.35982652187499997 0.4967444796875 0.35908209062499996 0.507186840625 0.3680576875 0.508127559375 0.370318471875 0.496012646875 0.39885819375 0.50265029375
0 0.45942641406250007 0.1493463671875 0.45650063906250005 0.1587280234375 0.42923627187499996 0.1367004984375 0.43152578124999996 0.12623116875 0.4227526046875 0.11924988437499999 0.42014573125 0.12917467031250002 0.414863109375 0.125919146875 0.3791621953125 0.2769902234375 0.4281404375 0.32169224375 0.46684610312499997 0.1673307265625 0.4621269953125 0.1624720671875 0.464772946875 0.15474137968749999 0.45942641406250007 0.1493463671875
0 0.35028987031250003 0.304388565625 0.347431165625 0.3176126921875 0.3527776984375 0.3230077046875 0.3577985984375 0.3097472234375 0.36314435 0.31514224999999996 0.4028442640625 0.1646056296875 0.3486393203125 0.1226271890625 0.309861696875 0.271612753125 0.31614503125 0.27754149687499996 0.313247196875 0.2885687515625 0.3211035515625 0.2961161203125 0.32520682343749996 0.283420353125 0.35028987031250003 0.304388565625
0 0.2398208640625 0.11320823124999999 0.23420270781250002 0.10908343125 0.2297204796875 0.12464458125 0.23585029375 0.1278214203125 0.233605084375 0.1353673078125 0.3223375921875 0.21076491718749998 0.3453197359375 0.12028059843750001 0.2576592578125 0.04425585 0.2549601359375 0.0575799859375 0.24852535781250001 0.052062281249999995 0.2445384265625 0.0657381125 0.2499416703125 0.07268098125 0.2398208640625 0.11320823124999999
0 0.25106577812499997 0.5428274125 0.2604998328125 0.5873570484374999 0.25410927656250004 0.5932361421875 0.2570323671875 0.6056800765625 0.2615706140625 0.602236459375 0.263606653125 0.610371609375 0.35405779375 0.5540052671875 0.3354365 0.46234407187500004 0.24466303749999999 0.516986609375 0.24675775937500002 0.528483746875 0.24060470781249998 0.5324361796875 0.2435941109375 0.5487239875000001 0.25106577812499997 0.5428274125