1 0.3802157109375 1 0.8355433218749999 0.9299593406250001 0.705754340625 0.0300619578125 0.20063360000000002 0.1044223484375 0.3283774671875 1 0.3802157109375 1
0 0.716127596875 0.8651368390625 0.718743084375 0.883747003125 0.7257647796875 0.8818344921874999 0.728061634375 0.8944725453125001 0.8234915609375 0.8787465546875 0.8068403640625 0.773234340625 0.7123039234374999 0.7897604328125001 0.7133244125 0.80072651875 0.7067495359375 0.8021133953125 0.709939571875 0.8192542984375001 0.717280359375 0.817759778125 0.723595959375 0.864550065625 0.716127596875 0.8651368390625
0 0.534901034375 0.6136206859375 0.5394159625 0.620945559375 0.54539715 0.613914153125 0.5396629093749999 0.60499204375 0.542662975 0.5991972859375 0.4721968875 0.46854387343750004 0.433497465625 0.5332385609375 0.5057245859374999 0.6610581984375 0.50902049375 0.6561727859375 0.514388534375 0.666031365625 0.5192728625 0.6547319093749999 0.5162229359375 0.6436625390625 0.534901034375 0.6136206859375
0 0.780666003125 0.7106990734374999 0.782408953125 0.7231008046875 0.7941236859374999 0.721725096875 0.7927909046875 0.70996278125 0.79804826875 0.7086544765625 0.77357913125 0.5368265937500001 0.717078921875 0.54476718125 0.7399006265625 0.7162571640625 0.745000846875 0.7161098046875 0.7466219953125 0.7256015578125 0.75387725625 0.7245818984375 0.75297103125 0.7140864328125 0.780666003125 0.7106990734374999
0 0.5395748453125 0.3245318234375 0.5339401374999999 0.33288341093749996 0.5316465125 0.325646078125 0.45724876718749996 0.410947053125 0.49493658749999997 0.49239316093749996 0.569188034375 0.4080664734375 0.56491231875 0.3988398 0.57012978125 0.393570725 0.563559996875 0.3801292515625 0.5578213515625 0.3847156046875 0.541554084375 0.34466620312499996 0.5447892640625 0.3374064109375 0.5395748453125 0.3245318234375
0 0.5890707734375 0.40746149843749996 0.5834352921875 0.41581319531250005 0.5811416656249999 0.40857586250000005 0.5067439203124999 0.49387683750000005 0.544431740625 0.5753229453125 0.6186839609375 0.49099614999999996 0.6144082453124999 0.481769475 0.619624934375 0.476500509375 0.61305515 0.4630590359375 0.6073165046875 0.46764538906249997 0.5910492374999999 0.4275959859375 0.5942846109375 0.4203375703125 0.5890707734375 0.40746149843749996
0 0.326016509375 0.6201259359375 0.3264721515625 0.63221489375 0.3347806875 0.6315998046875 0.3332582765625 0.6185555703125 0.34019205 0.6180383203125001 0.322386696875 0.45491495156250006 0.26475885312499997 0.4541752203125 0.2810421625 0.6209234718750001 0.287673146875 0.6216479453125 0.2895003734375 0.634649340625 0.3007824671875 0.6330637453125 0.298802921875 0.61897855625 0.326016509375 0.6201259359375
0 0.3908863359375 0.6237146703125 0.3927902796875 0.632838484375 0.400184171875 0.6323505375 0.39934737187499997 0.6219729484375 0.406796884375 0.6201181265625 0.3852758640625 0.45325745156249997 0.32924655625 0.4594740578125 0.34918921406250003 0.6257080187499999 0.3533820390625 0.62456615625 0.35513310625 0.6370256546874999 0.3647378421875 0.636780996875 0.3642060421875 0.62415014375 0.3908863359375 0.6237146703125
0 0.2956989296875 0.15922935625 0.301525146875 0.169215690625 0.297322515625 0.1766815734375 0.36601373593750003 0.311406346875 0.40692995625000006 0.252133684375 0.3390776546875 0.1138463734375 0.3355528203125 0.1202352234375 0.33108129062499997 0.1120234578125 0.3236940625 0.1184642421875 0.32768998437499997 0.1291972921875 0.3097272859375 0.15480335781250001 0.3040366 0.1477461125 0.2956989296875 0.15922935625
0 0.2386855203125 0.2806835734375 0.23631121406250002 0.297223590625 0.2420028359375 0.3023171515625 0.24064543437500002 0.3123284953125 0.3350239171875 0.386498703125 0.3506336984375 0.2963797640625 0.2571969453125 0.2196424 0.2563822265625 0.22761532343750002 0.24919987031250002 0.22174949531250002 0.2468923125 0.2426995296875 0.25156764531250003 0.24449689531250002 0.24444573125 0.2842948296875 0.2386855203125 0.2806835734375
0 0.685431228125 0.3233544140625 0.6844015625 0.3040375015625 0.6784105640625 0.30338157187500003 0.6774477562500001 0.296530840625 0.5803562171875 0.2892180390625 0.5893178578125 0.38983052812499996 0.6838342500000001 0.3959358046875 0.6839057937499999 0.3844487796875 0.68962040625 0.3851421515625 0.6887972390625 0.371285753125 0.6817045671875 0.370784653125 0.6783385562500001 0.3228533125 0.685431228125 0.3233544140625
0 0.7396032531250001 0.4409933125 0.7338888046875 0.438302703125 0.7338214234375 0.429829621875 0.6343909734375 0.40388180937499996 0.63547570625 0.5035325828125 0.7336197953125 0.5317621828125 0.7335295296875 0.521689215625 0.740759634375 0.52316820625 0.7404184328125 0.5047531453125 0.7345654203125 0.503080615625 0.7333347156250001 0.45434987656250003 0.740013984375 0.45590628125 0.7396032531250001 0.4409933125
0 0.6456008046874999 0.745884775 0.653318015625 0.755511375 0.65890375625 0.7475860296875 0.663664865625 0.7552479765625 0.7251967078125 0.650181340625 0.6818457484375 0.57475699375 0.6186768203125 0.6806371609374999 0.623191859375 0.6889283671875 0.6204804609375 0.695856478125 0.6231069828125 0.7026276671875 0.6286927203125 0.697082428125 0.6502015046875 0.733336246875 0.6456008046874999 0.745884775
0 0.62396064375 0.5227878390625 0.62034615625 0.53043614375 0.61533820625 0.52102345625 0.5461749234375 0.62238978125 0.590628659375 0.7007096640625 0.6554802625 0.6040517328125 0.6521967234375 0.5949913703124999 0.6571256375 0.587158334375 0.6516255546874999 0.5766240578125 0.6452190734375 0.5834753984375001 0.625106678125 0.542859790625 0.628967815625 0.5345807421875 0.62396064375 0.5227878390625
0 0.506407384375 0.7469981437500001 0.5031189781250001 0.7641238578125 0.510426984375 0.7684530781250001 0.509111965625 0.7781597234375 0.605248653125 0.8369073671875 0.613820896875 0.7438055015625 0.5211182171875001 0.6824461875 0.5199663390625 0.693319259375 0.5132331984375 0.6906946781250001 0.5113425375 0.7010769015625 0.5172541609375 0.7050076953125 0.5114980734375 0.7498535562499999 0.506407384375 0.7469981437500001
0 0.681963584375 0.768655378125 0.6756384765625 0.7784714703125 0.6712061703125001 0.7683832046875 0.60393276875 0.8641276296875 0.6441085640625 0.9461217015625 0.7120862375 0.8519024343750001 0.7085568234374999 0.8434727093750001 0.7125818749999999 0.836359975 0.708231528125 0.8244747609375 0.7022358046875 0.8318630515625 0.6833551015625 0.792859771875 0.6878730640625 0.7844884125 0.681963584375 0.768655378125
0 0.39926464375 0.6635305640625 0.3944165171875 0.6790900515625 0.40172374843750003 0.6857994875 0.399094109375 0.6956894890624999 0.48354650625 0.7923881640625 0.5102003609375 0.7092346984375 0.42431998593750003 0.6129961828125 0.42160839218749996 0.6199229171875 0.4155328546875 0.614825809375 0.411589759375 0.6225217 0.41906109843749995 0.6303988281249999 0.40665383125 0.670823159375 0.39926464375 0.6635305640625
0 0.4545739140625 0.8163465859375 0.4604847578125 0.825037703125 0.46607049843750004 0.81711235625 0.4595026375 0.8061320671875001 0.46108176562500003 0.7998315328125 0.378964078125 0.6883151140625 0.3486482921875 0.765772790625 0.42968131875 0.8751905765625001 0.4341985046875 0.8691994328125 0.4406028390625 0.8766304390625 0.44709283749999995 0.86084160625 0.4406890828125 0.853409115625 0.4545739140625 0.8163465859375
0 0.43460497656249997 0.8935408625000001 0.42893883749999995 0.891362403125 0.428940978125 0.8818402703125001 0.3303223921875 0.8379745359375 0.326198240625 0.9397220421875 0.424710109375 0.9807065312500001 0.42498366406250004 0.9680915234375 0.4336051296875 0.972234746875 0.434757784375 0.9589814593750001 0.42580732499999996 0.9548830718750001 0.42614392187499994 0.9072280046874999 0.43386327343750003 0.9073324734374999 0.43460497656249997 0.8935408625000001