1 0.2275609375 0.0275263890625 0.2308453125 0.9367291671875 0.74139921875 0.9333916671875 0.73952265625 0.02086944375 0.2275609375 0.0275263890625
0 0.57093671875 0.128584721875 0.5701632812499999 0.11116666718749998 0.5626859375000001 0.111625 0.56294375 0.0644111109375 0.57042109375 0.06486944375 0.57042109375 0.0460763890625 0.5632015625 0.04699305625 0.5626859375000001 0.0341583328125 0.46599609375 0.036449999999999996 0.46780078124999996 0.14325277812499998 0.5637171875 0.14004444375 0.5642328125 0.12904305625 0.57093671875 0.128584721875
0 0.35220078125 0.7274958328125 0.34881328125 0.71655555625 0.342346875 0.7214791671875 0.34542656250000003 0.7340611109374999 0.32140859375 0.7592236109375 0.3183296875 0.7477361109375 0.3094 0.7564888890625 0.31247890625 0.7690708328125 0.30811015625 0.77330694375 0.35435625000000004 0.9200513890625001 0.40454609374999995 0.8669888890624999 0.358975 0.7225736109375 0.35220078125 0.7274958328125
0 0.41524453125000005 0.6978361109375 0.4118578125 0.6868958328125 0.40539140625 0.69181805625 0.4084703125 0.7043999999999999 0.384453125 0.7295638890625 0.38137421875 0.7180763890625 0.37244453125 0.7268291671875 0.3755234375 0.739409721875 0.37115468749999997 0.743647221875 0.42240546874999996 0.8883236109375 0.46951640625 0.8319791671875001 0.42201875 0.6929125 0.41524453125000005 0.6978361109375
0 0.49399296875000004 0.70154444375 0.49060546875 0.6906041671875001 0.4841390625 0.6955263890625 0.48721875 0.7081083328125 0.46320078125 0.733272221875 0.460121875 0.721784721875 0.45119218749999995 0.7305375 0.45427109374999997 0.7431180562499999 0.44990234375 0.7473555562499999 0.49507421875 0.8965291671875001 0.54588046875 0.8467486109375001 0.50076640625 0.6966208328125 0.49399296875000004 0.70154444375
0 0.5288171875 0.4997833328125 0.52926171875 0.4847763890625 0.5225257812499999 0.482927778125 0.5257359375 0.4373138890625 0.5348703125000001 0.43994444374999997 0.5363515624999999 0.4228388890625 0.5274640625 0.41933055625 0.5286984375 0.40836527812499995 0.4337 0.384027778125 0.42788750000000003 0.48635555625000004 0.5208140625000001 0.5092625 0.52214765625 0.4997833328125 0.5288171875 0.4997833328125
0 0.572890625 0.360184721875 0.57377265625 0.3467625 0.5670367187500001 0.3449138890625 0.57024609375 0.2993 0.57840546875 0.2995638890625 0.5795890625 0.2816861109375 0.57197421875 0.2813166671875 0.57320859375 0.2703513890625 0.47685234374999996 0.2514111109375 0.47068046875 0.3531666671875 0.56597734375 0.36939444374999997 0.5662242187500001 0.35886805625 0.572890625 0.360184721875
0 0.72211328125 0.1617611109375 0.7242171875000001 0.1436041671875 0.71700234375 0.14146805625 0.72151171875 0.0982083328125 0.728125 0.0998111109375 0.72992890625 0.08325555625 0.7224132812499999 0.0800513890625 0.723315625 0.06936944375000001 0.62757421875 0.041319443750000004 0.6202046875 0.1409333328125 0.7145976562499999 0.16710277812500002 0.7158 0.1590916671875 0.72211328125 0.1617611109375
0 0.729628125 0.310177778125 0.73143203125 0.2968263890625 0.72091015625 0.2893486109375 0.7182046875 0.3016333328125 0.69445625 0.28240694375 0.6968609375 0.27225972187499997 0.68784296875 0.26691944375 0.68573828125 0.27653194375 0.67815859375 0.27166805625 0.64275078125 0.430340278125 0.6950578125 0.46879305625 0.73443828125 0.31445 0.729628125 0.310177778125
0 0.6875421875 0.2343416671875 0.69175078125 0.2252625 0.6860390625 0.21404722187499997 0.68092890625 0.220990278125 0.662290625 0.18734444374999998 0.6661984375000001 0.1787986109375 0.66048671875 0.1691861109375 0.6559773437499999 0.17773055625 0.6508375 0.166352778125 0.58262734375 0.2893486109375 0.622609375 0.36037916718749996 0.6905484375000001 0.2412833328125 0.6875421875 0.2343416671875
0 0.6385273437500001 0.3833208328125 0.64006953125 0.3714513890625 0.63184609375 0.3664291671875 0.6287625 0.37738611093749996 0.60409375 0.3618638890625 0.6069203125 0.3495375 0.5968984374999999 0.3445166671875 0.59432890625 0.3550166671875 0.5880171875 0.35266805625000003 0.55578359375 0.509775 0.6079484374999999 0.5440138890624999 0.643409375 0.386515278125 0.6385273437500001 0.3833208328125
0 0.47945312500000004 0.6896166671875 0.48223359375 0.6780916671874999 0.5084906250000001 0.6901652781250001 0.506328125 0.7022388890625 0.51652265625 0.70608055625 0.5180671875 0.695652778125 0.523009375 0.6973 0.5452515625000001 0.5315624999999999 0.4881171875 0.5104361109375 0.46802343750000003 0.675347221875 0.47389296875 0.6764458328125 0.47265703124999997 0.68796944375 0.47945312500000004 0.6896166671875
0 0.47389296875 0.535952778125 0.4766734375 0.52333055625 0.46833281250000003 0.5167458328125 0.4658609375 0.530465278125 0.43960390625 0.51180555625 0.44269296875 0.5013791671875001 0.43527890625000004 0.49589166718750005 0.43218984374999997 0.507415278125 0.4263203125 0.5024763890624999 0.39264921875000003 0.65998194375 0.44547265625000004 0.695652778125 0.47945312500000004 0.5392458328124999 0.47389296875 0.535952778125
0 0.39203125 0.6918111109375 0.39141328125 0.67425 0.383690625 0.6737013890625 0.38245546875 0.6287 0.390178125 0.62595555625 0.38863359375 0.6122361109375001 0.38245546875 0.61498055625 0.3818375 0.60290694375 0.2848390625 0.6133333328125 0.290090625 0.7143125 0.38616171875 0.7022388890625 0.385853125 0.6907138890625 0.39203125 0.6918111109375
0 0.36793593750000003 0.5058236109375 0.3704078125 0.49375 0.39882734375 0.500884721875 0.39697421875 0.5146041671875 0.40469687499999996 0.5157013890625 0.40562343749999996 0.5041763890625 0.41365546875000003 0.506372221875 0.4241578125 0.3362458328125 0.36775703125 0.32512361093750003 0.3555796875 0.49375 0.3599046875 0.4942986109375 0.35897812500000004 0.5047263890625 0.36793593750000003 0.5058236109375
0 0.46802343750000003 0.1618625 0.47080390625 0.1541791671875 0.46555234375000004 0.1486916671875 0.46246328124999997 0.15802083281249998 0.4355875 0.1355208328125 0.43805937500000003 0.12509305625 0.429409375 0.11795972187499999 0.4266296875 0.1278375 0.42140468750000004 0.12449027812499999 0.38307265625000003 0.274915278125 0.43126328125 0.32046527812500003 0.47265703124999997 0.166802778125 0.46802343750000003 0.1618625
0 0.32468906249999996 0.293025 0.32901328125 0.280402778125 0.3537265625 0.30180555625 0.3506375 0.314977778125 0.3558890625 0.32046527812500003 0.361140625 0.30729444375 0.36639140625 0.31278194375 0.40871250000000003 0.16296111093750001 0.3552484375 0.12004305625 0.3138765625 0.2683291671875 0.32005546875 0.27436666718749997 0.31696562500000003 0.2853416671875 0.32468906249999996 0.293025
0 0.25215624999999997 0.0613458328125 0.2574375 0.06838194375 0.2466109375 0.10872638906250001 0.241065625 0.1045041671875 0.2363125 0.119984721875 0.2423859375 0.12326805625 0.240009375 0.1307736109375 0.3274125 0.2077083328125 0.3519703125 0.1176388890625 0.26565 0.040095832812499996 0.26271875 0.053370832812500005 0.25638125 0.047741667187499996 0.25215624999999997 0.0613458328125
0 0.240078125 0.5279041671875 0.2427828125 0.5442416671875 0.25035625 0.5384763890625 0.25901171875 0.5831638890625 0.25251953125000004 0.58893055625 0.255225 0.6014236109375 0.25982265625 0.598059721875 0.26171640625000003 0.6062291671875 0.3531375 0.55145 0.33611875 0.459477778125 0.24440546875 0.512527778125 0.24629921875 0.5240597218749999 0.240078125 0.5279041671875