1 0.385947809375 0 0.15465624218750001 0.8561454890625001 0.6469496375 0.9915103406249999 0.8854410953125 0.11413795468750002 0.48060225 0 0.385947809375 0
0 0.58375491875 0.150207075 0.6131407062500001 0.0475106 0.520338615625 0.0202718484375 0.516518690625 0.032535784375 0.509782409375 0.0297817984375 0.504918409375 0.047934496874999996 0.51225959375 0.049427059375 0.5002887671875 0.0950989015625 0.49318483437499994 0.09272090625 0.48792962500000003 0.1093452765625 0.4942864765625 0.11152309062500002 0.4919371625 0.1222830703125 0.58375491875 0.150207075
0 0.7450912187500001 0.20069544218750002 0.7744770062499999 0.0979989671875 0.681674915625 0.070760215625 0.677854990625 0.08302415156250001 0.6711187093750001 0.08027016718749999 0.666254709375 0.098422865625 0.6735958937500001 0.09991542812500001 0.6616250671875 0.14558726875 0.654521134375 0.1432092734375 0.649265925 0.15983364375 0.6556227765625 0.16201145781249998 0.6532734625 0.17277143749999999 0.7450912187500001 0.20069544218750002
0 0.7064726640625001 0.353862315625 0.7982068203125 0.38068263125 0.8003243687499999 0.3717988171875 0.8079531 0.374252725 0.8135904281249999 0.3540742078125 0.8060833390625 0.35288084531249997 0.8177166484375 0.30688994375 0.8244866109375 0.3091137453125 0.8290502999999999 0.29261610625 0.8227237140625 0.290361565625 0.8249496578125 0.28087700312499997 0.733089190625 0.255702290625 0.7064726640625001 0.353862315625
0 0.279772353125 0.641086059375 0.324999653125 0.47352099374999995 0.31994091875 0.47158172968749995 0.32269723125 0.46006951249999994 0.311237475 0.45727639218749994 0.3079961265625 0.469373271875 0.2809204046875 0.4626359921875 0.2830989484375 0.45232920156249995 0.2760220328125 0.450432946875 0.2732562140625 0.45965638125 0.26821196875000003 0.45888856093749997 0.2246610015625 0.6263190171875 0.279772353125 0.641086059375
0 0.5475837046875001 0.25082801718750003 0.574605553125 0.15135453125 0.48153590468749996 0.128510153125 0.47884885937500005 0.1385383421875 0.47207530468750003 0.13672337343750002 0.46670085625 0.156781090625 0.47288289375000003 0.156287928125 0.4614898453125 0.2048293078125 0.45433972968749997 0.202913440625 0.450774296875 0.217723040625 0.4566172234375 0.22000471406250002 0.455219953125 0.2282288609375 0.5475837046875001 0.25082801718750003
0 0.4178769015625 0 0.370676803125 0.0816070203125 0.43910477343750004 0.1694509703125 0.44333324375 0.16270150781249998 0.4503580921875 0.1696005859375 0.45804525468749996 0.1544618296875 0.45286500468749996 0.145191309375 0.47284324843750003 0.10826637187499999 0.4798684546875 0.1151641078125 0.486301425 0.1047060671875 0.4811393421875 0.096873984375 0.48570803749999997 0.08734854375 0.42466842343750005 0 0.4178769015625 0
0 0.6019527015625 0.4379579921875 0.6988960015625 0.347682421875 0.6980136046875 0.3418022921875 0.7043340734375 0.3345320890625 0.7015381453125 0.3236257125 0.695651090625 0.32802268749999997 0.68780290625 0.28827598125 0.6938242953125 0.28212196093749997 0.6917605015625 0.2672275171875 0.6857246609375001 0.272182784375 0.684378478125 0.2646527890625 0.586001071875 0.350627296875 0.6019527015625 0.4379579921875
0 0.7721416078125001 0.3789640078125 0.6707545671874999 0.399599871875 0.66007856875 0.4959287703125 0.760749040625 0.48047858593750004 0.7623617703125001 0.4719483875 0.768772359375 0.471873059375 0.7707287796875 0.453276303125 0.7641690109375 0.45390838125000005 0.7693498484375 0.405701103125 0.7755956921875 0.404984909375 0.7771639203125 0.392856703125 0.77075333125 0.3929320328125 0.7721416078125001 0.3789640078125
0 0.6976173593749999 0.6947483015625 0.7612471953125 0.5438918859374999 0.7563305687499999 0.538391675 0.7617835265624999 0.5243164578124999 0.7526530375 0.5194801890625 0.7485893625 0.5321346218749999 0.723200184375 0.5151729656249999 0.72789095625 0.5026865625 0.7229743296875 0.4971863515625 0.7176405 0.5083055671875 0.7125895390625 0.504562403125 0.6486761875 0.657732615625 0.6976173593749999 0.6947483015625
0 0.6583980781250001 0.5863024 0.653639603125 0.4318668859375 0.6466400015625 0.4343668296875 0.6463395203125 0.42293422343750003 0.6374791015625 0.4271326484375 0.6383914749999999 0.4375343265625 0.6082824078125 0.4557583296875 0.6085956875 0.4432938609375 0.5975830453125 0.4505016796875 0.5975684859375 0.4618513078125 0.592278871875 0.4640186046875 0.5968652890625 0.6176171781249999 0.6583980781250001 0.5863024
0 0.4561173 0.45502080312500004 0.5350338140625001 0.31991736249999997 0.5308201328125 0.3143021140625 0.53648309375 0.3044659703125 0.5317008000000001 0.2972087140625 0.5260378390625 0.3070448578125 0.5080144718749999 0.27891173125 0.514139784375 0.26860275312500004 0.507609025 0.25908395624999997 0.50097463125 0.2662700421875 0.49764208437499996 0.26238916562500003 0.4187989015625 0.3972189296875 0.4561173 0.45502080312500004
0 0.604661228125 0.6865849359375 0.5821001484375 0.5436345031250001 0.5732671375 0.5500488609375 0.5708738609374999 0.5383732640625001 0.563117315625 0.546716684375 0.5645290671875001 0.5569027656250001 0.537410928125 0.5821269 0.5350024484375 0.5692221546875 0.5251453171875 0.5763887484375 0.5261129046875 0.589521384375 0.52071641875 0.5942065359375001 0.5449976609375 0.739258509375 0.604661228125 0.6865849359375
0 0.580218971875 0.8100001984375 0.563032115625 0.729522190625 0.46365848125 0.816162946875 0.46603579999999994 0.8266091890625 0.4614216625 0.8296634796875001 0.46337002031249996 0.8442854265624999 0.470529265625 0.8394600671875001 0.4768185 0.8803793546875 0.4698279875 0.8858639015625001 0.472726671875 0.8995139734375 0.4800390515625 0.8941171078125001 0.48046928125 0.9028136765625 0.580218971875 0.8100001984375
0 0.4092703703125 0.8800578796874999 0.4993197453125 0.7610265328125 0.4706084890625 0.692352734375 0.3812235453125 0.8057228671875001 0.38265014218750004 0.8171394421875 0.37743870468749996 0.8237117921875001 0.37903403281250003 0.8357875546875 0.3872503421875 0.8257282734375 0.4005453296875 0.8623950484374999 0.393754709375 0.8709972890625 0.398109884375 0.8856501640625 0.40568249375 0.8754184046875 0.4092703703125 0.8800578796874999
0 0.408296971875 0.7312464296875001 0.5028466234375 0.6235795765625001 0.49969136406250003 0.6157287593749999 0.506114328125 0.6079583171875 0.503043103125 0.5982363234375 0.4957142359375 0.608137975 0.4853110296875 0.570941890625 0.4918681109375 0.5614272859375 0.4865850546875 0.5487401249999999 0.48062185468749996 0.5560413515625 0.477595171875 0.5498900546875001 0.386229565625 0.6553301234375 0.408296971875 0.7312464296875001
0 0.492425590625 0.402302296875 0.454155959375 0.48906054687499995 0.5298551046875 0.55799055 0.5330299546874999 0.551128440625 0.5393058671875 0.556370265625 0.5469887734375 0.5376644171875 0.54071325625 0.5324241359374999 0.5597884546875 0.49363529687499996 0.564966934375 0.4979892203125 0.572694778125 0.48285561250000003 0.566418865625 0.4776137859375 0.5705128484374999 0.4698117046875 0.492425590625 0.402302296875
0 0.288254834375 0.75491856875 0.3693518921875 0.62012908125 0.3659986796875 0.6146077937500001 0.371563065625 0.6035517953125 0.3676817046875 0.597227565625 0.36226518125 0.60634321875 0.3427247046875 0.577991946875 0.3471002359375 0.5685987984375 0.3404277203125 0.5602067046875 0.335506546875 0.5674736828125 0.3319883375 0.5625681734375 0.2522447375 0.695077490625 0.288254834375 0.75491856875
0 0.3572721671875 0.44462093437499994 0.414350725 0.2846543328125 0.362491140625 0.2544975734375 0.3052453171875 0.41681199375 0.30995238125 0.42005465312499995 0.3073109890625 0.4299124609375 0.3166919640625 0.4337475015625 0.31953186875 0.4259228484375 0.344240784375 0.43914778125 0.34074053125 0.4494368875 0.34771099687499996 0.45394600937499996 0.352747234375 0.4420870671875 0.3572721671875 0.44462093437499994