1 0.77673566875 0.9319652546875 0.7641517671875 0.02284363125 0.25215184375 0.0251226640625 0.266201275 0.9375386562499999 0.77673566875 0.9319652546875
0 0.2891368765625 0.13961406875 0.38471008906250004 0.1401100515625 0.3842968953125 0.13098670625 0.392306490625 0.131242790625 0.3921634859375 0.11029209531249999 0.3846182734375 0.111214196875 0.3831241171875 0.0637983296875 0.3902447859375 0.06406993125 0.39008431875 0.046953459375 0.383381378125 0.0465300984375 0.3829067953125 0.036799399999999996 0.2876657546875 0.0379200890625 0.2891368765625 0.13961406875
0 0.26368796875 0.24840811718750003 0.35926118125 0.2489040984375 0.3588479875 0.23978075312499997 0.36685758281249997 0.24003684062500003 0.3667145765625 0.2190861453125 0.3591693640625 0.2200082453125 0.357675209375 0.17259237656249998 0.364795878125 0.1728639796875 0.36463541093749996 0.15574750625 0.35793247031250003 0.155324146875 0.3574578859375 0.145593446875 0.2622168453125 0.1467141375 0.26368796875 0.24840811718750003
0 0.473254703125 0.21280080625000003 0.568827915625 0.21329678749999997 0.568414721875 0.20417344218750003 0.5764243171875 0.204429528125 0.5762813125 0.1834788328125 0.5687361 0.1844009328125 0.5672419453125 0.13698506562499999 0.5743626125 0.13725666718750001 0.574202146875 0.1201401953125 0.5674992046875 0.1197168359375 0.567024621875 0.1099861359375 0.47178358125 0.11110682499999999 0.473254703125 0.21280080625000003
0 0.7609922953125 0.32265415625 0.7579967828124999 0.151041409375 0.6979320359375001 0.1480795109375 0.6986584125 0.318928965625 0.7031834296875 0.3196514921875 0.7034354 0.33408679375 0.7161074890625 0.3362715234375 0.7162922468749999 0.3210270890625 0.7429069421875 0.3205625265625 0.7436376203124999 0.3365938828125 0.753561109375 0.33642066718749997 0.753309140625 0.321985365625 0.7609922953125 0.32265415625
0 0.6826895078125 0.4122593765625 0.61529540625 0.2995281171875 0.6104448421875001 0.306029040625 0.6043989265625 0.29570659374999997 0.5973500359374999 0.3054561 0.6029304718749999 0.314985159375 0.5841781046875 0.3522125484375 0.578582878125 0.341880846875 0.5737751265625 0.3507897203125 0.5780446265625 0.3627475859375 0.5754359828125 0.3684078625 0.6455374859375 0.4810918625 0.6826895078125 0.4122593765625
0 0.6470585796874999 0.7000222703125 0.6331074 0.532880575 0.627500421875 0.53472315625 0.6260390250000001 0.52123549375 0.6155296453125 0.5231622578125 0.6167381546875 0.5362181546875 0.5898511375 0.541046465625 0.5893936765625 0.528849815625 0.5805920484375 0.530310590625 0.5818462015625 0.5459813687499999 0.575963503125 0.5460840515625 0.5891712234375001 0.7128011578125 0.6470585796874999 0.7000222703125
0 0.744105065625 0.6128916953125 0.764745284375 0.517071046875 0.6737146140625 0.4571978546875 0.671691246875 0.46769448750000003 0.665211515625 0.4617052734375 0.6620538390624999 0.47745305781249997 0.668778065625 0.48343800468750003 0.6583018859374999 0.5293903390625 0.6518449640624999 0.5247078703125 0.649085771875 0.535217346875 0.656530625 0.5403187484374999 0.6542391484375 0.5495115296875 0.744105065625 0.6128916953125
0 0.7615296125000001 0.6278440390625 0.6685592734375 0.5832625828125 0.6540394421875 0.6785416125 0.7475611718749999 0.726600084375 0.748396975 0.7183036796875 0.7555737203125 0.722101228125 0.7569323812500001 0.701591059375 0.75126375625 0.699946684375 0.75684595 0.654515953125 0.7642831921875 0.659181309375 0.7674028359375 0.6412546906250001 0.760233703125 0.6378931859375 0.7615296125000001 0.6278440390625
0 0.6858067640625001 0.91118235 0.7094202562499999 0.746881325 0.7042874343750001 0.743881559375 0.705773515625 0.731521796875 0.6944215125000001 0.726134375 0.6927968625 0.73803120625 0.6667752703125001 0.7247555453125 0.6678813906250001 0.71309974375 0.6610111921875 0.7094954859375 0.6592350234375 0.7202322859375 0.6532965500000001 0.7175424609375 0.6303914546875 0.8829451796875001 0.6858067640625001 0.91118235
0 0.6316860171875 0.795555109375 0.5487735734375 0.705723171875 0.5185209359375 0.79035154375 0.6034697328124999 0.8811744812500001 0.6065255578125 0.874453459375 0.6115353156250001 0.8805197281250001 0.615916025 0.8671106765625 0.6099968078125 0.8584960031250001 0.6234287125 0.8182624015625001 0.6290507484375001 0.8263696828124999 0.634811571875 0.8093471062500001 0.6286480812499999 0.803300975 0.6316860171875 0.795555109375
0 0.5205733828125 0.720462021875 0.5079460124999999 0.5514052625 0.4509588375 0.5621722984375 0.46293982343750006 0.7320237953125 0.4679824375 0.7311537109375 0.4688600125 0.7436486328125 0.4824490265625 0.7410652437499999 0.481131675 0.728578 0.5052661765625001 0.725420203125 0.5060891890625 0.7347892109374999 0.5164015328125 0.7334368078125 0.515317325 0.7217275562500001 0.5205733828125 0.720462021875
0 0.5813947109375001 0.6870426765625 0.568768096875 0.5179845140625 0.5117809453125 0.528752940625 0.5237619312499999 0.698604434375 0.5288045453125 0.6977343515625 0.529682121875 0.7102292718750001 0.5432711359375 0.707645884375 0.541953784375 0.695158640625 0.5660882859374999 0.69200084375 0.5669112984375 0.7013698500000001 0.5772236171875 0.7000160578125 0.576139409375 0.6883068078125001 0.5813947109375001 0.6870426765625
0 0.3368778671875 0.7755471734375 0.324251278125 0.6064904015625 0.267264103125 0.6172574390625 0.2792443078125 0.787108946875 0.28428692187500004 0.7862388640625 0.285165278125 0.7987337703125 0.2987542921875 0.7961503828125001 0.29743694062500003 0.7836631374999999 0.32157066093750003 0.7805053546875 0.3223944546875 0.7898743500000001 0.3327060171875 0.7885219593749999 0.331622565625 0.7768113078125001 0.3368778671875 0.7755471734375
0 0.37699866875 0.34181424374999997 0.345903903125 0.254378328125 0.2650416328125 0.3470884109375 0.2686480171875 0.3575395625 0.26254061093750003 0.3642860671875 0.266525465625 0.378603425 0.27354700468750004 0.3707338515625 0.28979033125 0.40973686093749995 0.28432478125 0.41757788749999997 0.29113895625 0.4335058328125 0.2969636578125 0.4284242390625 0.3005700421875 0.438875390625 0.37699866875 0.34181424374999997
0 0.3964510125 0.45767434375000005 0.3662510609375 0.36800858125 0.2856128078125 0.4557362203125 0.2876824734375 0.46731991875 0.28338481875 0.470714884375 0.2880203953125 0.48667946874999995 0.2941664390625 0.48214651562500005 0.308873046875 0.522282075 0.30339787500000004 0.5295717953125 0.30704284843749996 0.5422337203125001 0.3128385828125 0.53549265625 0.31548255 0.5443006312499999 0.3964510125 0.45767434375000005
0 0.483665178125 0.42571821249999997 0.4180075828125 0.3018132796875 0.37499198125 0.369515984375 0.4416409859375 0.49672495000000005 0.44617305937499996 0.4888988296875 0.4510044671875 0.49822148593750004 0.45670365625000003 0.48594931875 0.452796053125 0.47605767656250003 0.471255365625 0.44585591718749995 0.47701055312499996 0.45460819687500004 0.48358526093750004 0.439000796875 0.4803581515625 0.43241722656250003 0.483665178125 0.42571821249999997
0 0.56719601875 0.21842188281250002 0.47612060156249997 0.26095812343749997 0.4900031109375 0.3608685578125 0.582380803125 0.321629534375 0.5809723359375 0.3122485203125 0.5880518078125 0.307697884375 0.585301646875 0.2928061140625 0.5785048578125 0.29569045156249996 0.5717621296875001 0.2482231203125 0.577956434375 0.24645502343749998 0.5757515843750001 0.22712667031249997 0.569246390625 0.22890019375 0.56719601875 0.21842188281250002
0 0.6066761109375001 0.4296580875 0.51823065 0.35539591875 0.49495080468749997 0.44820801093749996 0.5827938046875001 0.5235878078125 0.585410715625 0.51302941875 0.59233299375 0.5173342640625 0.5952422562499999 0.50566365625 0.5882998781250001 0.5002520500000001 0.599964334375 0.45522911875 0.6066046875 0.46119886093750007 0.6100585046875 0.44509307343750004 0.604010940625 0.43745162187500003 0.6066761109375001 0.4296580875