0 0.4945806140625 0.2666166859375 0.48671468593749995 0.2675825 0.4881983859375 0.28308949375000003 0.49482207968749997 0.28227620625 0.4965769375 0.2999916125 0.5884193328125 0.298427459375 0.58188726875 0.193885946875 0.4886220375 0.1941317296875 0.48841234531250005 0.20611046093750002 0.480184265625 0.2041331953125 0.48199165624999996 0.21885320625000002 0.49169466875 0.2191562984375 0.4945806140625 0.2666166859375
0 0.516700365625 0.3733218875 0.5088344375 0.3742877015625 0.5103181359375 0.3897946921875 0.51694260625 0.388981309375 0.5186974640625001 0.40669671718749995 0.612302315625 0.3971009640625 0.6040070203125001 0.300591146875 0.5107425640625001 0.300836834375 0.510532096875 0.3128156609375 0.5023047921875 0.3108383015625 0.5041121828125 0.3255583109375 0.5138151953125 0.3258614046875 0.516700365625 0.3733218875
0 0.5205251093750001 0.49503382343749996 0.5144058796875 0.49653240781249997 0.5139622765625 0.51003573125 0.52389859375 0.5088157046874999 0.5249303609375 0.5206420046875 0.613737978125 0.49778481562500004 0.6018466859375 0.4043612453125 0.5089636765625001 0.42168216562499994 0.5114213859375 0.43115324218750006 0.5032309921875 0.43290613437500003 0.5059192390625 0.4445304421875 0.51340955 0.44734552968749997 0.5205251093750001 0.49503382343749996
0 0.49646556249999996 0.7392459859375 0.4920977875 0.69492290625 0.4997332109375 0.6958940671875 0.4982994484375 0.6798450046875 0.49195258124999997 0.6806243015625 0.4901052453125 0.66557895625 0.39671963125 0.6789539390625 0.406197096875 0.7780080953125 0.5030359203125 0.7708908609375 0.5011216625 0.7596724734375 0.5062954109375 0.7580828828125 0.5046306031250001 0.74015211875 0.49646556249999996 0.7392459859375
0 0.46997487343750005 0.278632715625 0.47069743593749996 0.2976335078125 0.4812758078125 0.296334646875 0.479082159375 0.2784688171875 0.4854290265625 0.27768951875000003 0.47391805781249996 0.11398182500000001 0.41322777187500004 0.11379896874999999 0.42496961562499996 0.2793869875 0.4339614640625 0.278282928125 0.4339904578125 0.2916414671875 0.44309774218750003 0.29147756875 0.441894853125 0.27730882968750004 0.46997487343750005 0.278632715625
0 0.35636743437499996 0.8356675328125001 0.35885905 0.85158810625 0.3689085796875 0.8503541796875 0.36634987343750003 0.8382591859374999 0.3742832640625 0.8372850875 0.361185940625 0.6737735703125 0.30125520156249996 0.675404728125 0.3154103765625 0.83878775625 0.32299822968749997 0.8349930765625 0.3243165546875 0.8501019765625 0.3354237671875 0.8487381828125 0.333807475 0.8355745390625 0.35636743437499996 0.8356675328125001
0 0.4973996515625 0.5806919796875001 0.49737804218750004 0.53678959375 0.5057731828125 0.5395761421875 0.5075801625 0.519310425 0.499415121875 0.51840429375 0.4988565125 0.505110784375 0.4016795359375 0.47886359218749996 0.401704953125 0.57526096875 0.498631534375 0.6082192562500001 0.4971306796875 0.5959957765625 0.5050648453125001 0.5950215828125 0.5047371093749999 0.5836083953125 0.4973996515625 0.5806919796875001
0 0.409331446875 0.4187482453125 0.400570475 0.421732628125 0.405755415625 0.44209418281249996 0.413755896875 0.43729450468750003 0.41836348125 0.45295387031249995 0.5065835062499999 0.41062453750000005 0.4840168734375 0.3055428421875 0.3949700421875 0.3498823671875 0.3958266171875 0.36123061875 0.38929722187500004 0.3648953359375 0.392913440625 0.37685908437500004 0.3992603078125 0.37607978750000004 0.409331446875 0.4187482453125
0 0.31811864375 0.5941144984375 0.322263703125 0.6060133125 0.3351399671875 0.6015692984375 0.329937225 0.589800353125 0.338052975 0.5859394578125 0.301683378125 0.42528401718750003 0.2462934703125 0.4464028765625 0.2490345359375 0.45561107187500005 0.28142285624999996 0.610073603125 0.28719236875 0.6045921187500001 0.290510790625 0.6185025015625001 0.299222471875 0.610751090625 0.2956546 0.6035530875 0.31811864375 0.5941144984375
0 0.2816916 0.27120805312499996 0.29252262500000004 0.31569328125 0.2856469171875 0.31653751093750004 0.289840321875 0.33320206875 0.2979570171875 0.3293424578125 0.3011598328125 0.3423113 0.38362892187500003 0.29687074999999996 0.3615052921875 0.204141028125 0.2724584609375 0.24848054999999997 0.2745552484375 0.2568135171875 0.27007506875 0.2640453625 0.2739892546875 0.2740638546875 0.2816916 0.27120805312499996
0 0.337577775 0.5077324828124999 0.36004104375 0.49829398906250005 0.36336007187499997 0.5122028984375 0.37023578125 0.5113586671875 0.36790811875 0.501145378125 0.37420664062500003 0.4956003375 0.34178915625 0.327777890625 0.2902165734375 0.34938237656250004 0.3239895359375 0.515128321875 0.3315773890625 0.51133364375 0.33330911875 0.5254374484375 0.33930967500000003 0.521837665625 0.337577775 0.5077324828124999
0 0.6016006968750001 0.648516678125 0.6006220921875001 0.6583551062499999 0.5768199953125001 0.6366580140625 0.5797176281249999 0.624640303125 0.5728305578125 0.61900708125 0.5704158640625 0.629021840625 0.5634832453125 0.62598575 0.5273654421875 0.7651832953125 0.5794676328125 0.8125617875 0.6144292250000001 0.6728583234375 0.6098858484375 0.671472525 0.6123130984375 0.6556238624999999 0.6016006968750001 0.648516678125
0 0.525489540625 0.601494575 0.5181388515625 0.6069323203125 0.521130534375 0.6253550453125001 0.5284347328125001 0.62251315 0.5306091328125 0.631317953125 0.616938796875 0.6012800609375 0.5995627 0.5042844046875 0.5113595546874999 0.5339044484375 0.5133643203125 0.547263875 0.504825371875 0.548960209375 0.5086580734374999 0.56533461875 0.51576093125 0.5638146125 0.525489540625 0.601494575
1 0.7266906796875 0.8662043765625 0.6348691609375 0.0345665359375 0.1552245296875 0.0864223140625 0.263153646875 0.9203041359374999 0.7266906796875 0.8662043765625