0 0.4382024859375 0.454528465625 0.4469865265625 0.352278446875 0.34905561875 0.3560903296875 0.3491445875 0.36488755624999997 0.34364644218749996 0.368408303125 0.34025377031250004 0.38982879375 0.346518646875 0.390821053125 0.3434397046875 0.42897862656249997 0.3373847390625 0.42977736718750004 0.333781384375 0.4494067359375 0.3414930703125 0.450628146875 0.34152057812500003 0.4629297375 0.4382024859375 0.454528465625
0 0.4766457609375 0.5923629 0.435093146875 0.7517823 0.4421255265625 0.7572876875000001 0.43823672187499996 0.7724816859375 0.447815471875 0.7775115015625 0.4521857734375 0.7623937656249999 0.47670463593749995 0.7697912687499999 0.47240888437499995 0.7875546296875 0.47998477656249994 0.7896334078125 0.4829098125 0.7742867640625 0.49056003906249995 0.7790125390625 0.5308636515625 0.6150037484374999 0.4766457609375 0.5923629
0 0.46934755156249996 0.4700008390625 0.5257028015625 0.5852017218750001 0.5746201046875 0.51653646875 0.52135319375 0.3974331640625 0.5119525984375 0.4099964265625 0.5077362 0.40230323125 0.49901413906250003 0.4105823984375 0.5032303203125 0.41827696562499994 0.4817615984375 0.4508866625 0.47747086562499996 0.44054647343750003 0.468552540625 0.45318612031249994 0.4735966953125 0.461890703125 0.46934755156249996 0.4700008390625
0 0.58697059375 0.34810033906250004 0.6126999546875 0.494461975 0.6206683765625 0.48781979062499997 0.6203503984375 0.49918637656250003 0.6288010890625 0.4926205765625 0.6282910937499999 0.48024397499999993 0.6532225734375 0.4569644515625 0.652707340625 0.472692771875 0.6648644359375 0.4614435640625 0.662772825 0.44969392812500003 0.6662068703124999 0.4467251375 0.6386994125000001 0.305352321875 0.58697059375 0.34810033906250004
0 0.2705295296875 0.7520673890625 0.366912340625 0.7330792625 0.3710262109375 0.6353600046875 0.2756684109375 0.650997784375 0.2743858921875 0.6622116046875 0.265303275 0.66340828125 0.26513451875 0.680070353125 0.2731177921875 0.6795770265625001 0.272326725 0.72512375625 0.263861953125 0.7255408203125 0.2624575046875 0.7437621156249999 0.2711942015625 0.74163318125 0.2705295296875 0.7520673890625
0 0.3667689609375 0.518748621875 0.36732526249999997 0.61193711875 0.46538333749999994 0.5730128375 0.4681113375 0.562026553125 0.47175628124999996 0.560847509375 0.47254288437499997 0.543405825 0.467180315625 0.546070575 0.46405506875 0.50341625625 0.471270621875 0.4984111734375 0.4711065484375 0.4869668296875 0.46408803125000003 0.4876115515625 0.464616909375 0.47803471406250003 0.3667689609375 0.518748621875
0 0.2974956421875 0.29171253125 0.265717271875 0.4518011421875 0.3197104 0.46650213437500004 0.352106834375 0.3056325375 0.3462483515625 0.302069421875 0.34760542031249997 0.29350122500000003 0.33844846875 0.2920509078125 0.3333106625 0.30265551562500004 0.3144393859375 0.2970313765625 0.31620361875 0.2858924484375 0.3052539359375 0.28328071875 0.30362549687499996 0.29356227968750004 0.2974956421875 0.29171253125
0 0.43873841249999995 0.2359138484375 0.45750994531250005 0.37941572031250004 0.5175216875 0.34676272343750003 0.49516590000000005 0.20093540937499998 0.4874680765625 0.2058641078125 0.48379540781249997 0.1947429328125 0.47644406093749997 0.20060538437500003 0.47708963281249994 0.21212598906250002 0.45646798593750004 0.2237908890625 0.45335213750000003 0.21539172187500003 0.4449012296875 0.22195889531250002 0.44541122499999997 0.2343354953125 0.43873841249999995 0.2359138484375
0 0.63910498125 0.483713071875 0.555902428125 0.5785665171875001 0.578722678125 0.6559586609375 0.66400220625 0.5667046203125 0.6610211625 0.557449334375 0.66658076875 0.5504242234375 0.66138695625 0.5364269015625001 0.6557530171875 0.5408050171875 0.6454873234375 0.505802896875 0.6510459390625 0.4987790375 0.6482014609375 0.48866650468749995 0.641468178125 0.49374797031249995 0.63910498125 0.483713071875
0 0.6693391656250001 0.2803416796875 0.6538710328125 0.19708720625 0.564693084375 0.267281465625 0.5667710484375 0.2728796203125 0.561348009375 0.27904748437500004 0.5653810171875 0.29725251875 0.5706682625 0.2919420234375 0.5765361453125 0.329760290625 0.5700129890625 0.336631384375 0.5719688046875 0.34923838749999997 0.5799986859375 0.3390918375 0.5824966890625001 0.34827061718749996 0.6693391656250001 0.2803416796875
0 0.26064070781250004 0.4589027609375 0.1986810390625 0.60367164375 0.24538003281249998 0.6488343921874999 0.30568199375 0.5020466078125 0.299673853125 0.49319075312500005 0.3049618703125 0.48788037968750003 0.2961974484375 0.47770909687499996 0.2915421296875 0.4883887171875 0.27277793125 0.4696082421875 0.27737376875 0.4624304859375 0.2700690296875 0.45863971406250004 0.26643795 0.465968865625 0.26064070781250004 0.4589027609375
1 0.27417483593749997 0.0888726125 0.13777063125 0.9144569390624999 0.6164675546875 0.9874092453125 0.7327639328125 0.1615059890625 0.27417483593749997 0.0888726125