0 0.2783728 0.6903091203125 0.2829100875 0.6891651296875 0.2847955796875 0.7015650625000001 0.295336671875 0.700589925 0.2942898109375 0.6880721296875 0.3132437125 0.6861685093750001 0.3147098625 0.6966007078125 0.32807830781249997 0.6944680359375 0.32654268124999997 0.6845519171875 0.3298232890625 0.6845985781249999 0.30915705 0.5375506453125001 0.259069228125 0.5444189203125 0.2783728 0.6903091203125
0 0.331273359375 0.6859796515625 0.335811421875 0.6848355515625 0.337696140625 0.6972355921875 0.3482380046875 0.696260346875 0.347190371875 0.6837426609375 0.366144271875 0.681839040625 0.367610421875 0.6922712390625 0.38097886875000003 0.690138565625 0.3794432421875 0.6802224484375 0.3827244296875 0.6802676234375 0.36039878125 0.5303490890625 0.31099161875000003 0.5365985578125 0.331273359375 0.6859796515625
0 0.3841397078125 0.68140113125 0.3886769953125 0.6802571390625001 0.3905624875 0.692657071875 0.401103578125 0.6916819359375 0.40005671875 0.679164140625 0.41900984531249996 0.677260628125 0.4204759953125 0.6876928265625 0.4298589578125 0.6866336078125 0.42905565 0.6758543921875 0.43348866875000003 0.6749789140625 0.412422334375 0.52709940625 0.3635201328125 0.53371970625 0.3841397078125 0.68140113125
0 0.4356092921875 0.6739796124999999 0.4401465796875 0.672835621875 0.4420320734375 0.6852355546875 0.4525731640625 0.6842604171875 0.4515263046875 0.671742621875 0.47048020468749996 0.6698390015625 0.47194635468749996 0.6802712 0.48132854218750004 0.6792120875000001 0.4805252359375 0.6684328734375 0.484958253125 0.667557396875 0.46389191875 0.5196778890625 0.4149895234375 0.5262968125 0.4356092921875 0.6739796124999999
0 0.48679909375 0.665583378125 0.49133715625 0.6644392796874999 0.493221875 0.6768393203125 0.5037637390625 0.675864075 0.5027161062500001 0.6633463890625 0.52167000625 0.6614427671875001 0.52313615625 0.6718749671875 0.5325185390625 0.67081723125 0.5317160046875 0.66003790625 0.5361488296875 0.65916105625 0.5150826875 0.511282921875 0.46617951875 0.5179019546875 0.48679909375 0.665583378125
0 0.5373963296875 0.6590446375 0.541934390625 0.6579005375 0.5438191109375 0.6703005796875 0.554360975 0.6693253328125001 0.5533133421875001 0.656807646875 0.5722672421875 0.6549040265625 0.5737333921875 0.665336225 0.5831155796874999 0.6642771140625 0.5823124671875 0.6534992734375 0.5867460640625 0.6526223124999999 0.5656797296875 0.5047428046875 0.5167767546875 0.5113632124999999 0.5373963296875 0.6590446375
0 0.5891102671875 0.655388253125 0.593648328125 0.6542441546875 0.5955330484375 0.6666441953125 0.6060749125 0.6656689484375 0.6050272796875 0.6531512640625 0.6239811796875 0.6512476421875 0.6254473296875 0.661679840625 0.6348295171875 0.6606207296875 0.634027178125 0.6498427812500001 0.6384600015624999 0.6489659296875 0.6173936671875 0.501086421875 0.5684906921875 0.5077068296875 0.5891102671875 0.655388253125
0 0.567953190625 0.49619179375 0.5734329109375 0.49567412656250004 0.5734332921874999 0.5027667078125 0.5840443578125 0.50228945625 0.5834024765625 0.49237255625 0.6023563765625 0.49046893437500005 0.603487328125 0.4987967484375 0.6129462593749999 0.49822755937499996 0.6124014078125 0.4890628078125 0.6168351984375 0.48818722187499997 0.5957688640625001 0.34030771406250004 0.5468656953125001 0.346926746875 0.567953190625 0.49619179375
0 0.5170788484375 0.502139740625 0.5225595359375 0.5016233390625 0.5225599171875001 0.508715921875 0.5331707875 0.5082372937499999 0.5325289062499999 0.49832039375 0.5514828078125 0.49641677343749996 0.552612984375 0.5047446953125 0.562072690625 0.504175396875 0.5615280312500001 0.49501202187500004 0.56596085625 0.49413516875 0.5448947140625 0.3462570359375 0.4959923203125 0.3528759609375 0.5170788484375 0.502139740625
0 0.466101009375 0.5083560921875 0.4715809234375 0.5078398 0.4715813046875 0.5149323828125 0.48219217499999995 0.5144537546875 0.48155029374999997 0.5045368546875 0.5005041953125 0.502633234375 0.501635146875 0.510961046875 0.511094078125 0.5103918578125 0.5105494187499999 0.50122848125 0.51498224375 0.5003516296875 0.49391687656250005 0.3524733890625 0.44501370781249994 0.3590924203125 0.466101009375 0.5083560921875
0 0.414668590625 0.5153965078125 0.4201485046875 0.5148802156250001 0.4201488859375 0.5219727984375 0.4307605296875 0.5214940609375 0.430117875 0.5115772703125 0.449071775 0.50967365 0.45020272656250004 0.5180014625 0.4596624328125 0.5174321640625 0.4591177734375 0.5082687890625001 0.4635505984375 0.5073919359375 0.44248445625 0.359513803125 0.3935812890625 0.3661328359375 0.414668590625 0.5153965078125
0 0.36309694062500003 0.524483159375 0.3685768546875 0.5239668671875 0.3685772359375 0.5310594484375 0.37918810625 0.5305808203125 0.37854622656250003 0.5206639203125001 0.3975001265625 0.5187603000000001 0.398631078125 0.5270881140625 0.40809000937500006 0.5265189218749999 0.40754535000000003 0.517355546875 0.41197894843749994 0.5164785875 0.3909126140625 0.36859907812500003 0.3420096390625 0.3752194859375 0.36309694062500003 0.524483159375
0 0.31019825624999997 0.5271699921875 0.31567894375 0.526653590625 0.3156785515625 0.5337462828125 0.326290196875 0.5332675453125 0.32564754218749997 0.523350753125 0.3446014421875 0.5214471328125 0.34573239375 0.529774946875 0.3551920984375 0.5292056484375001 0.35464744062500003 0.5200422734375 0.35908026406250004 0.5191654203125 0.3380139296875 0.3712859109375 0.289111728125 0.37790620937499997 0.31019825624999997 0.5271699921875
0 0.2592896171875 0.5338843375 0.26477011093749997 0.5333665609375 0.26477049375 0.5404591437499999 0.27538136406249997 0.539980515625 0.2747396765625 0.530064990625 0.2936933828125 0.52815999375 0.2948237546875 0.5364892921875 0.30428326562499997 0.53591861875 0.3037386078125 0.52675524375 0.3081714328125 0.525878390625 0.287105290625 0.37800025625 0.2382028953125 0.3846191796875 0.2592896171875 0.5338843375
1 0.17853288125 0.181874153125 0.28340778125 0.9463080828124999 0.714077225 0.872620021875 0.5994847734375 0.12084223593750001 0.17853288125 0.181874153125