0 0.5163890624999999 0.21875416718750001 0.5259828125 0.2202375 0.52306328125 0.2676958328125 0.5151382812499999 0.2676958328125 0.51472109375 0.28326805625 0.52139453125 0.28326805625 0.52097734375 0.301065278125 0.61232578125 0.31070555624999996 0.6185828124999999 0.206147221875 0.5259828125 0.195025 0.52431484375 0.20688888906249997 0.5163890624999999 0.2039236109375 0.5163890624999999 0.21875416718750001
0 0.525340625 0.327359721875 0.534934375 0.32884305625 0.5320140624999999 0.3763013890625 0.5240890625 0.3763013890625 0.523671875 0.3918736109375 0.53034609375 0.3918736109375 0.52992890625 0.40967083281249994 0.62400546875 0.41155416718750004 0.6275335937500001 0.314752778125 0.534934375 0.30363055625 0.5332656250000001 0.31549444375 0.525340625 0.3125291671875 0.525340625 0.327359721875
0 0.51263515625 0.445665278125 0.5197265625 0.44937222187500003 0.52097734375 0.49757222187499994 0.51472109375 0.49831388906249996 0.51263515625 0.5116625 0.5226460937499999 0.5116625 0.52222890625 0.5235263890625 0.61316015625 0.5116625 0.61274296875 0.4174861109375 0.51844140625 0.4233583328125 0.5197265625 0.4330583328125 0.51138359375 0.4338 0.51263515625 0.445665278125
0 0.47479609375000004 0.7569263890625 0.47532890625 0.7389263890625 0.46733515625 0.73703194375 0.4684015625 0.69250694375 0.47586171874999994 0.6944013890625 0.47639453125 0.6782972218750001 0.47000000000000003 0.6782972218750001 0.47000000000000003 0.6631388890625 0.37568046875 0.6650333328125 0.37301562499999996 0.7645041671875 0.47000000000000003 0.7692416671875 0.4694671875 0.7578736109374999 0.47479609375000004 0.7569263890625
0 0.468934375 0.28609722187500003 0.4694671875 0.2718875 0.4971765625 0.2766236109375 0.49557812500000004 0.2955708328125 0.5062359375 0.2955708328125 0.5062359375 0.2775708328125 0.5126304687500001 0.2775708328125 0.52115625 0.11368055625 0.460940625 0.10610277812499999 0.45241484375 0.2718875 0.46147421875 0.2718875 0.459875 0.28515 0.468934375 0.28609722187500003
0 0.29415 0.82608194375 0.29415 0.8128194437499999 0.31653046875 0.8156611109374999 0.31706328125 0.8317666671874999 0.32718828125 0.8317666671874999 0.32612265625000003 0.81945 0.334115625 0.81945 0.34104296875 0.6555611109374999 0.28136015625 0.6498763890625 0.27549843749999997 0.8137666671874999 0.2834921875 0.8109249999999999 0.282959375 0.82608194375 0.29415 0.82608194375
0 0.49344687499999995 0.59493055625 0.4945125 0.5835625 0.48758515625000004 0.5797736109375 0.49291406249999997 0.5361958328124999 0.5009070312499999 0.539984721875 0.5051703125 0.520090278125 0.4971765625 0.5181958328125 0.4982421875 0.5049333328125 0.40498828124999997 0.4670388890625 0.393265625 0.5627208328125 0.485453125 0.6072458328125 0.485453125 0.59493055625 0.49344687499999995 0.59493055625
0 0.40871874999999996 0.3647263890625 0.41511328125 0.3647263890625 0.41990937500000003 0.40830416718749996 0.41085000000000005 0.4101986109375 0.41351484374999997 0.43104027812499995 0.422040625 0.42725138906250004 0.42470546875000004 0.44335555624999995 0.5174265625000001 0.41209305625 0.5078343750000001 0.30504444375 0.41404765625 0.3382013890625 0.41351484374999997 0.34956944375 0.4065875 0.3524111109375 0.40871874999999996 0.3647263890625
0 0.287221875 0.58545694375 0.2845578125 0.577877778125 0.3080046875 0.571247221875 0.31066875 0.5835625 0.32399062500000003 0.5807208328125 0.3202609375 0.56840555625 0.32878671875 0.5655625 0.3122671875 0.401672221875 0.25471640624999997 0.41588333281249995 0.25631484375 0.42535694375000005 0.26963750000000003 0.582615278125 0.27603203125000003 0.577877778125 0.27763046875 0.5920888890625 0.287221875 0.58545694375
0 0.30054453125 0.2377833328125 0.30320859375000003 0.2482041671875 0.31120156250000003 0.24630833281250003 0.31653046875 0.29178194375 0.309603125 0.29178194375 0.311734375 0.3088333328125 0.3202609375 0.3059916671875 0.321859375 0.3192541671875 0.4092515625 0.284202778125 0.39859374999999997 0.18946805625000002 0.30480703125 0.222625 0.30587265625 0.23115138906250002 0.30054453125 0.2377833328125
0 0.33145156249999996 0.5049333328125 0.33784609374999997 0.5020916671875 0.33784609374999997 0.48788055625000004 0.36129218750000003 0.48125 0.36289140625 0.495459721875 0.36981875 0.495459721875 0.368753125 0.48503888906250003 0.37568046875 0.480302778125 0.36395703125 0.30978055625 0.3101359375 0.3249388890625 0.3234578125 0.493565278125 0.33145156249999996 0.4907236109375 0.33145156249999996 0.5049333328125
0 0.5881695312499999 0.6835861109375 0.59251015625 0.6681513890625 0.58274375 0.6597916671874999 0.5805734375 0.6694375 0.55959296875 0.6450013890624999 0.5639335937500001 0.6334263890625 0.557784375 0.6269958328125 0.5541671874999999 0.6366416671875 0.54765625 0.6327833328125 0.49484374999999997 0.7665416671874999 0.54078359375 0.8199166671875 0.59251015625 0.685515278125 0.5881695312499999 0.6835861109375
0 0.50063125 0.565902778125 0.50786640625 0.5652597218750001 0.51293046875 0.60384444375 0.5049718750000001 0.6083458328125 0.50569609375 0.6269958328125 0.5132921875 0.625065278125 0.51437734375 0.63406944375 0.60372421875 0.6147763890625 0.5982984375 0.5163861109375001 0.50714296875 0.5350361109375 0.5075046875 0.5485402781250001 0.49882265625000005 0.5491833328125 0.50063125 0.565902778125
1 0.208196875 0.0474875 0.21369687499999998 0.88830694375 0.680371875 0.8911013890625 0.6905859375000001 0.054472221875000004 0.208196875 0.0474875