0 0.2164361296875 0.630864659375 0.221693059375 0.631603471875 0.2209234875 0.6410255640625 0.2298503796875 0.641950559375 0.23143540625 0.63067250625 0.2524616671875 0.6323133765625 0.25083113125 0.645228809375 0.2627496609375 0.6459178640625 0.264470575 0.633672925 0.26977215625 0.634088415625 0.290152209375 0.4877632453125 0.2371331875 0.4822838765625 0.2164361296875 0.630864659375
0 0.28024102812499996 0.6411460296875 0.284355740625 0.642591084375 0.2835861671875 0.6520131765625 0.2925136390625 0.65293965625 0.294098859375 0.641660228125 0.3151251203125 0.6433010968749999 0.313494584375 0.6562165296875 0.3254131140625 0.6569055859375 0.32713402812500003 0.6446606453125 0.3324354171875 0.6450775125 0.35178210781249997 0.49905452187500005 0.2997956734375 0.49327286406250004 0.28024102812499996 0.6411460296875
0 0.3357801609375 0.6441141921875 0.3410370921875 0.64485300625 0.3402669390625 0.6542736125 0.3491944109375 0.65520009375 0.3507794375 0.6439220406249999 0.3718058921875 0.645561534375 0.37017535625 0.6584769671874999 0.3820938859375 0.6591660218750001 0.3838148 0.6469210828125 0.3891161875 0.64733795 0.40949624062499995 0.501012778125 0.35647721875 0.495533409375 0.3357801609375 0.6441141921875
0 0.3973549375 0.6483766156249999 0.40261186875000005 0.6491154296875 0.40184229687500006 0.6585375203125 0.41076996093749996 0.659462625 0.4123549890625 0.648184571875 0.43338124999999994 0.6498254421875 0.43175071249999997 0.662740875 0.44366846875 0.663429821875 0.4453895765625 0.65118350625 0.45069173906250004 0.65160048125 0.46615767343750003 0.5032985484375 0.4145890703125 0.5006513796875 0.3973549375 0.6483766156249999
0 0.4528136921875 0.6593377671875 0.45806984999999995 0.660076471875 0.45730027812499996 0.6694985625000001 0.46622794218749997 0.6704236671875 0.46781296875 0.6591456140624999 0.48883923124999995 0.660786484375 0.48720869375 0.6737019171874999 0.49912645 0.6743908640625 0.5008473640625 0.6621459234375 0.5061497203124999 0.6625615234375 0.524841528125 0.5118742203125 0.47277376249999997 0.5048861703124999 0.4528136921875 0.6593377671875
0 0.5108069984375 0.6669776703125 0.51470371875 0.6681831078125 0.513980259375 0.6785962624999999 0.5243575453125 0.6797265015625 0.5258521093749999 0.669092121875 0.54810123125 0.6699188687500001 0.5466518984375 0.6802314109375 0.5553985296875 0.6811310734375 0.5569383265625001 0.6701748578125 0.5624215218749999 0.6706172765625 0.579538415625 0.5225193203125 0.5284678515625 0.5176419828125 0.5108069984375 0.6669776703125
0 0.5661362796875 0.6652248484375 0.57161966875 0.6656658906249999 0.5690380453125 0.677461671875 0.5785545359375 0.6794569187499999 0.5793234203125001 0.6687205515625 0.5996254624999999 0.67157381875 0.5975869390625 0.6834459265625 0.6108646281250001 0.684983790625 0.6125403109375 0.6730606875 0.6173891703125001 0.67407034375 0.6368167578125 0.523996971875 0.585020596875 0.5177034796875 0.5661362796875 0.6652248484375
0 0.2410751359375 0.46672552031250003 0.2463320671875 0.46746433437499996 0.24556249375 0.476886425 0.25448938593750003 0.477811421875 0.25607441249999996 0.46653336875000007 0.2771006734375 0.4681742390625 0.2754709109375 0.48108977968750005 0.2873886671875 0.48177872656250004 0.289109775 0.4695324125 0.29441193593750004 0.4699493890625 0.314791215625 0.3236241078125 0.26177219375 0.31814473906249996 0.2410751359375 0.46672552031250003
0 0.5876552203125 0.5012755515625 0.59291215 0.5020143640625 0.5921418046875 0.511436346875 0.60106946875 0.5123614515625 0.602654496875 0.5010833984375 0.6236807578125 0.50272426875 0.622050221875 0.5156397015625 0.6339687515625 0.51632875625 0.6356898578125 0.504082440625 0.640991246875 0.504499309375 0.6613713 0.3581741375 0.608352278125 0.35269476875 0.5876552203125 0.5012755515625
0 0.5308031203125 0.49238648281249997 0.536059278125 0.4931251875 0.53528970625 0.502547278125 0.5442171765625 0.503473759375 0.545802396875 0.4921943296875 0.566828659375 0.49383520000000003 0.565198121875 0.5067506328125 0.5771166515624999 0.5074396875 0.578837565625 0.4951947484375 0.5841389546875 0.495611615625 0.6045190078125 0.34928644375 0.5514992125 0.34380696718750003 0.5308031203125 0.49238648281249997
0 0.47159926093750004 0.480011184375 0.47685541875000004 0.48074988906250005 0.47608584687500005 0.4901719796875 0.48501351093749995 0.49109708437500005 0.48659853750000004 0.4798190328125 0.5076248 0.48145990312500003 0.5059942625 0.49437533437500003 0.5179127921875 0.4950643890625 0.5196339 0.48281807499999996 0.5249352890625001 0.48323494375 0.545315340625 0.336909771875 0.49229554531249997 0.3314302953125 0.47159926093750004 0.480011184375
0 0.3588425875 0.46705489843750003 0.36409951875 0.46779371249999996 0.3633301390625 0.47721442812500003 0.3722568375 0.4781408 0.3738418640625 0.46686274843750003 0.3948688984375 0.46850372656249994 0.39323855625 0.48141778124999995 0.40515611875 0.48210810468750004 0.4068772265625 0.469861790625 0.41217938906249996 0.470278765625 0.43255866718749997 0.3239534859375 0.3795396453125 0.31847411718749996 0.3588425875 0.46705489843750003
0 0.41719448281249993 0.47246327031249996 0.4224514140625 0.473202084375 0.421682034375 0.4826228 0.4306087328125 0.4835491703125 0.43219375937500004 0.4722711171875 0.45322098750000006 0.47391072031250003 0.45159045156250005 0.486826153125 0.4635082078125 0.4875151 0.46522912187500004 0.47527015937500006 0.47053128437499997 0.4756871359375 0.48625473125 0.3260637359375 0.437317025 0.320448275 0.41719448281249993 0.47246327031249996
0 0.30249549062500003 0.4746913828125 0.3067510515625 0.47435397031250004 0.30679497968749997 0.48402223125 0.31990487968750003 0.4843064859375 0.32084940156249997 0.4738416515625 0.341524290625 0.4714485265625 0.340020834375 0.4821461734375 0.348403028125 0.4823887203125 0.3499923203125 0.473572721875 0.3554937109375 0.47185358125 0.36609871250000003 0.32154449375 0.315206140625 0.32436545781250004 0.30249549062500003 0.4746913828125
1 0.27878979375 0.1058554796875 0.16966563437499999 0.8673205234375001 0.60314643125 0.9170023359374999 0.6991820828125 0.16368950468750001 0.27878979375 0.1058554796875