0 0.31298828125 0.12415416718750001 0.3084765625 0.12390277812499999 0.307740625 0.114752778125 0.29829374999999997 0.11550555625 0.29833359375 0.123909721875 0.27929921874999997 0.12466250000000001 0.2785546875 0.114752778125 0.26798046875 0.11575555625 0.26896718750000004 0.1227791671875 0.26346875000000003 0.12303055624999999 0.26336015625 0.2737763890625 0.31270859375 0.27352638906250004 0.31298828125 0.12415416718750001
0 0.36550781250000003 0.12415416718750001 0.36099609374999997 0.12390277812499999 0.36026015624999996 0.114752778125 0.35081328125 0.11550555625 0.35085234375 0.123909721875 0.33181796874999997 0.12466250000000001 0.33107421875 0.114752778125 0.32049921875 0.11575555625 0.32148671875 0.1227791671875 0.3159875 0.12303055624999999 0.3158796875 0.2737763890625 0.36522734375 0.27352638906250004 0.36550781250000003 0.12415416718750001
0 0.41740937499999997 0.12415416718750001 0.41289765625 0.12390277812499999 0.41216171875 0.114752778125 0.40271484375 0.11550555625 0.40275390624999996 0.123909721875 0.38371953125 0.12466250000000001 0.38297578125 0.114752778125 0.37240078125 0.11575555625 0.3733875 0.1227791671875 0.36788906250000003 0.12303055624999999 0.36778046875000003 0.2737763890625 0.41712890625 0.27352638906250004 0.41740937499999997 0.12415416718750001
0 0.47054609375 0.126352778125 0.466034375 0.12610138906249999 0.4652984375 0.1169513890625 0.45585156250000003 0.11770416718750001 0.45589140625 0.1261083328125 0.43685703125 0.12686111093750002 0.4361125 0.1169513890625 0.42553828125 0.1179541671875 0.426525 0.124977778125 0.4210265625 0.1252291671875 0.42091796875 0.27597499999999997 0.47026640625000005 0.2757236109375 0.47054609375 0.126352778125
0 0.52491953125 0.1291 0.52040703125 0.12885 0.51967109375 0.1196986109375 0.5102249999999999 0.1204513890625 0.5102640625 0.12885555625 0.4912296875 0.1296083328125 0.49048515625 0.1196986109375 0.47991093749999997 0.12070277812500001 0.48089765624999997 0.1277263890625 0.47539921874999996 0.1279763890625 0.47529062499999997 0.27872361093750003 0.5246390625 0.278472221875 0.52491953125 0.1291
0 0.5755851562500001 0.12855138906250002 0.5710726562499999 0.1283 0.5703367187499999 0.11915 0.5608906250000001 0.1199013890625 0.5609296875 0.12830694375 0.5418953125 0.129059721875 0.5411515625 0.11915 0.5305765625000001 0.120152778125 0.53156328125 0.1271763890625 0.5260648437500001 0.12742638906249998 0.52595625 0.27817361093750004 0.5753046875 0.27792222187500004 0.5755851562500001 0.12855138906250002
0 0.6268687500000001 0.1307486109375 0.6223562499999999 0.13049861093749998 0.6216203124999999 0.1213486109375 0.61217421875 0.12210000000000001 0.6122132812500001 0.13050555625 0.59317890625 0.13125694375000002 0.5924343750000001 0.1213486109375 0.58186015625 0.12235138906250001 0.582846875 0.129375 0.5773484375 0.129625 0.5772398437499999 0.280372221875 0.62658828125 0.2801208328125 0.6268687500000001 0.1307486109375
0 0.31360625 0.290134721875 0.30909453125 0.2898833328125 0.30835859375 0.2807333328125 0.29891171875 0.2814861109375 0.2989515625 0.289890278125 0.2799171875 0.29064305625000003 0.27917265625 0.2807333328125 0.2685984375 0.2817361109375 0.26958515625 0.288759721875 0.2640859375 0.2890111109375 0.263978125 0.43975694374999996 0.31332578125 0.43950694375 0.31360625 0.290134721875
0 0.36550781250000003 0.289034721875 0.36099609374999997 0.28878472187500004 0.36026015624999996 0.279634721875 0.35081328125 0.2803861109375 0.35085234375 0.2887916671875 0.33181796874999997 0.28954305625 0.33107421875 0.279634721875 0.32049921875 0.2806375 0.32148671875 0.2876611109375 0.3159875 0.2879111109375 0.3158796875 0.4386583328125 0.36522734375 0.43840694375 0.36550781250000003 0.289034721875
0 0.41771796875 0.28683749999999997 0.41320625 0.28658611093749997 0.4124703125 0.2774361109375 0.4030234375 0.2781875 0.40306328125 0.28659305625 0.38402890625 0.2873458328125 0.383284375 0.2774361109375 0.37271015625000004 0.2784388890625 0.373696875 0.2854625 0.36819765625 0.2857125 0.36808984375 0.43645972187500004 0.4174375 0.43620833281250004 0.41771796875 0.28683749999999997
0 0.47054609375 0.289584721875 0.466034375 0.289334721875 0.4652984375 0.28018333281249996 0.45585156250000003 0.28093611093750004 0.45589140625 0.28934027812499996 0.43685703125 0.29009305625000004 0.4361125 0.28018333281249996 0.42553828125 0.28118750000000003 0.426525 0.288209721875 0.4210265625 0.28846111093750004 0.42091796875 0.43920833281249994 0.47026640625000005 0.43895694374999994 0.47054609375 0.289584721875
0 0.5221390625 0.2917833328125 0.5176265625 0.29153194375 0.51689140625 0.28238194375000003 0.50744453125 0.283134721875 0.50748359375 0.29153888906250003 0.48844921875 0.2922916671875 0.48770546875000004 0.28238194375000003 0.47713046875 0.2833861109375 0.4781171875 0.2904083328125 0.47261875 0.290659721875 0.47251015625 0.44140555625 0.52185859375 0.44115555625 0.5221390625 0.2917833328125
0 0.5749671875 0.290134721875 0.57045546875 0.2898833328125 0.56971953125 0.2807333328125 0.56027265625 0.2814861109375 0.56031171875 0.289890278125 0.54127734375 0.29064305625000003 0.54053359375 0.2807333328125 0.52995859375 0.2817361109375 0.5309453125 0.288759721875 0.525446875 0.2890111109375 0.52533828125 0.43975694374999996 0.57468671875 0.43950694375 0.5749671875 0.290134721875
0 0.6274859375 0.289584721875 0.62297421875 0.289334721875 0.62223828125 0.28018333281249996 0.6127921875 0.28093611093750004 0.6128312499999999 0.28934027812499996 0.593796875 0.29009305625000004 0.5930523437499999 0.28018333281249996 0.582478125 0.28118750000000003 0.5834648437500001 0.288209721875 0.5779664062500001 0.28846111093750004 0.5778578125 0.43920833281249994 0.62720625 0.43895694374999994 0.6274859375 0.289584721875
1 0.22440937500000002 0.0901361109375 0.225315625 0.8591888890625 0.6532125 0.8557444437499999 0.661440625 0.09984305624999999 0.22440937500000002 0.0901361109375