0 0.7136131296875 0.7098991328124999 0.7152798890625001 0.717740615625 0.71216540625 0.718723521875 0.7397214437499999 0.8686142140625 0.7900316671875001 0.8613765265625 0.7606106828125 0.71381190625 0.7566363171875 0.7135037109375 0.755399959375 0.706480909375 0.7437903421875001 0.7084928171875 0.7445043703125 0.7142606812500001 0.7218779578125 0.71705663125 0.72018983125 0.709114615625 0.7136131296875 0.7098991328124999
0 0.6620406359375 0.7170714453125 0.6637073953125 0.724912928125 0.6605929125000001 0.7258958328125 0.68814895 0.8757865265625 0.7384599374999999 0.8685486750000001 0.7090381890625 0.72098421875 0.7050638234375 0.7206760234375 0.703827465625 0.713653221875 0.6922181375 0.7156664890625 0.6929318765625 0.7214329937499999 0.6703054640625 0.72422894375 0.6686173375 0.7162869296875 0.6620406359375 0.7170714453125
0 0.6078662625 0.720882090625 0.6095330203125 0.728723575 0.6064185375 0.7297064796875 0.633974575 0.879597171875 0.6842847984375 0.872359484375 0.6548638140625 0.7247948656250001 0.6508891609375 0.7244853109375 0.649653090625 0.71746386875 0.6380434734375 0.7194757765625 0.6387575015625 0.725243640625 0.6161310890625 0.728039590625 0.6144429625 0.7200975734374999 0.6078662625 0.720882090625
0 0.683120175 0.550647840625 0.6847869328125 0.558489325 0.6816732140624999 0.559472065625 0.7092292515625 0.7093627609375 0.759539475 0.7021250703125 0.7301177265625001 0.5545606140625 0.7261441265624999 0.5542522562500001 0.7249077671874999 0.5472294546875001 0.7132984390625 0.549242721875 0.7140121781250001 0.5550092281250001 0.6913860546875 0.5578065343749999 0.6896976390625 0.5498631625 0.683120175 0.550647840625
0 0.6301168421875001 0.5570068125 0.6317833109375 0.5648469375 0.6286688296875 0.5658298421875 0.656224865625 0.7157205359375001 0.7065361421875 0.7084840421874999 0.6771143937499999 0.5609195859375 0.6731405046875001 0.5606098687500001 0.6719036703125 0.5535885890625 0.6602948171875 0.555600334375 0.6610077921874999 0.561367003125 0.6383824328125 0.5641641484375 0.63669430625 0.5562221328125 0.6301168421875001 0.5570068125
0 0.5780090703125 0.5586998453125 0.579675828125 0.5665413296875 0.5765613453125 0.567524234375 0.60411709375 0.71741356875 0.6544283703125 0.7101770765625 0.625006621875 0.5626126203124999 0.6210327328125 0.5623029046875 0.6197958984375 0.555281625 0.6081870453125 0.55729336875 0.608900309375 0.5630613953125 0.5862746609375 0.5658571828125 0.584586534375 0.5579151671875 0.5780090703125 0.5586998453125
0 0.5561939046875 0.7263220312499999 0.5578606640625 0.7341635156249999 0.55474618125 0.7351464203125 0.5823029828124999 0.8850369515625 0.6326132062500001 0.8777992625 0.6031914578124999 0.7302348046875 0.59921756875 0.7299250890625 0.597980734375 0.722903809375 0.5863718812500001 0.724915553125 0.5870851453125 0.73068358125 0.564459496875 0.7334793687500001 0.5627713703125 0.725537353125 0.5561939046875 0.7263220312499999
0 0.5245425890625001 0.56444304375 0.5262093484375 0.572284528125 0.523094865625 0.5732674328125 0.5506509015625001 0.7231581265625 0.6009611265625 0.7159204375 0.571540140625 0.5683558171875001 0.5675657765625 0.568047621875 0.56632941875 0.5610248203125 0.5547200890624999 0.5630380875000001 0.5554338296875 0.56880459375 0.5328077062500001 0.5716019 0.5311192890624999 0.5636585281250001 0.5245425890625001 0.56444304375
0 0.5020053234375 0.7283636421875 0.50367208125 0.7362051234375 0.5005583625 0.7371878671875 0.5281144 0.8870785609375 0.5784246234375 0.8798408703125 0.549002875 0.732276415625 0.5450289859375 0.7319666984375 0.543792915625 0.7249452562500001 0.5321832984375 0.7269571640625 0.5328973265625 0.7327250281250001 0.510270915625 0.7355209765625 0.5085827875 0.7275789625 0.5020053234375 0.7283636421875
0 0.4509219265625 0.7371117546875 0.45258868437500005 0.7449532390625 0.449474965625 0.7459359796875 0.477031003125 0.895826675 0.5273412265624999 0.888588984375 0.49791947812500004 0.7410245296875 0.493945878125 0.7407161703125 0.49270951875 0.7336933703125 0.481100190625 0.7357066359375 0.4818139296875 0.7414731421874999 0.45918751718750006 0.744269090625 0.45749939062499995 0.7363270765625 0.4509219265625 0.7371117546875
0 0.3978265203125 0.741031 0.39949327968750004 0.7488724828125 0.396378796875 0.7498553890624999 0.4239348328125 0.89974608125 0.47424582187500003 0.8925082296875001 0.444824071875 0.7449437734375 0.440850184375 0.7446340578124999 0.43961335 0.737612778125 0.42800449687500003 0.7396245218749999 0.4287177609375 0.7453925484374999 0.4060913484375 0.7481884984375 0.4044032203125 0.7402464828124999 0.3978265203125 0.741031
0 0.4714811 0.569036640625 0.4731478578125 0.5768781234375 0.47003337500000003 0.5778610296875 0.4975894125 0.727751721875 0.5478996359375 0.7205140328125 0.5184786515625001 0.5729494140625 0.5145042875 0.5726412171875 0.513267928125 0.56561841875 0.5016586000000001 0.5676316828125 0.5023723390625 0.5733981890625001 0.47974621562499997 0.5761954968749999 0.47805780000000003 0.5682521234375 0.4714811 0.569036640625
0 0.420397990625 0.5777861125 0.42206475 0.585627596875 0.4189502671875 0.5866105015625 0.446506015625 0.7364998359375 0.496816528125 0.7292635062499999 0.46739554375000003 0.5816988859375 0.46342089062499997 0.5813893328125 0.4621848203125 0.574367890625 0.4505752015625 0.576379796875 0.45128923125 0.5821476624999999 0.42866281875 0.5849436125 0.426974690625 0.5770015953125001 0.420397990625 0.5777861125
0 0.36895825625 0.5848577890625 0.370625015625 0.5926992734375001 0.3675105328125 0.593682178125 0.39506656875 0.743572871875 0.44537679375000006 0.7363351828125 0.4159558078125 0.5887705640625 0.41198115468749996 0.5884610109375 0.4107450859375 0.58143956875 0.3991354671875 0.5834514734375 0.39984949687500004 0.5892193390625 0.377223084375 0.5920152890625 0.37553495625 0.5840732734375 0.36895825625 0.5848577890625
1 0.8271940125 0.8770920734375001 0.68650998125 0.1243894015625 0.264253725 0.1798176546875 0.39004384375 0.92058388125 0.8271940125 0.8770920734375001