0 0.29067421875 0.335175 0.28536640625 0.3348486109375 0.28536640625 0.32248333281249997 0.27346796875 0.32150694375 0.27328515625 0.3345236109375 0.25223515625 0.333222221875 0.25223515625 0.3218333328125 0.24326640624999998 0.32150694375 0.2427171875 0.33094444375 0.23740859374999998 0.33094444375 0.23722578125 0.48095972187499997 0.29049140625000003 0.4829125 0.29067421875 0.335175
0 0.35425703125 0.33301388906249996 0.34894921874999996 0.3326888890625 0.34894921874999996 0.3203236109375 0.33705078125 0.31934722187500003 0.33686796874999997 0.3323638890625 0.31581796875 0.3310625 0.31581796875 0.319672221875 0.3068484375 0.31934722187500003 0.30629921875 0.328784721875 0.3020234375 0.32964305625 0.3008078125 0.4787986109375 0.35309296875 0.4803083328125 0.35425703125 0.33301388906249996
0 0.41070078125 0.3386638890625 0.40539296875 0.3383388890625 0.40539296875 0.3259736109375 0.39349453125 0.324997221875 0.39331171875000004 0.3380138890625 0.37226171875 0.3367111109375 0.37226171875 0.325322221875 0.36329218750000003 0.324997221875 0.36274375000000003 0.3344333328125 0.35743515625 0.3344333328125 0.35725234375000003 0.48444861093749997 0.41051796874999996 0.4864013890625 0.41070078125 0.3386638890625
0 0.47227031249999996 0.3430125 0.46696171875000003 0.3426875 0.46696171875000003 0.3303208328125 0.4550640625 0.32934444375 0.45488125 0.3423611109375 0.43383125 0.341059721875 0.43383125 0.3296708328125 0.42486171875 0.32934444375 0.4243125 0.33878194375000004 0.41900390625000006 0.33878194375000004 0.4155109375 0.48746805625 0.46694609375 0.49202361093749997 0.47227031249999996 0.3430125
0 0.5287140625 0.3398763890625 0.5234054687499999 0.33955 0.5234054687499999 0.32718472187500003 0.5115078125 0.3262083328125 0.511325 0.339225 0.490275 0.3379236109375 0.490275 0.326534721875 0.48130546875 0.3262083328125 0.48075625000000005 0.3356458328125 0.4754484375 0.3356458328125 0.47371875 0.491372221875 0.52625234375 0.4916986109375 0.5287140625 0.3398763890625
0 0.585559375 0.33973055625000004 0.58006796875 0.33940555625 0.58006796875 0.3283416671875 0.57128125 0.328015278125 0.57128125 0.3384291671875 0.5491335937499999 0.3361513890625 0.5491335937499999 0.3254125 0.5387 0.32508750000000003 0.5379671874999999 0.3355 0.533940625 0.3361513890625 0.5306460937499999 0.48649166718750003 0.5818984375 0.48876944375000003 0.585559375 0.33973055625000004
0 0.6404726562499999 0.3439611109375 0.6355304687500001 0.3442861109375 0.6355304687500001 0.33224583281250003 0.62216796875 0.3319208328125 0.6225343750000001 0.3439611109375 0.6020328125 0.3439611109375 0.602765625 0.333222221875 0.5930640625 0.3338736109375 0.59397890625 0.3459138890625 0.5884875 0.3455875 0.58665703125 0.4943013890625 0.638825 0.495277778125 0.6404726562499999 0.3439611109375
0 0.29223046875 0.5011458328125 0.286921875 0.5008208328125 0.286921875 0.48845416718749995 0.27502421875 0.487477778125 0.274840625 0.50049444375 0.253790625 0.49919305625000004 0.253790625 0.48780416718749997 0.24482187500000002 0.487477778125 0.24427265625 0.496915278125 0.23896406250000002 0.496915278125 0.23878125 0.64693055625 0.292046875 0.6488833328125 0.29223046875 0.5011458328125
0 0.6402453125 0.5151666671874999 0.6349375 0.5148416671875 0.6349375 0.502475 0.6230390625 0.5014986109375 0.62285625 0.514515278125 0.60180625 0.5132138890625 0.60180625 0.501825 0.59283671875 0.5014986109375 0.59228828125 0.5109361109375 0.5869796875 0.5109361109375 0.586796875 0.6609513890625001 0.6400625 0.6629041671875 0.6402453125 0.5151666671874999
0 0.5827093750000001 0.51605555625 0.5774015625 0.5157305562500001 0.5774015625 0.503365278125 0.565503125 0.5023888890625 0.5653203125 0.51540555625 0.5442703125 0.5141041671875 0.5442703125 0.5027138890625 0.5353007812499999 0.5023888890625 0.5347515625 0.5118263890625 0.52944375 0.5118263890625 0.52926015625 0.661840278125 0.5825265625 0.6637930562500001 0.5827093750000001 0.51605555625
0 0.522359375 0.520072221875 0.5170515625000001 0.519747221875 0.5170515625000001 0.50738055625 0.505153125 0.5064041671874999 0.5049703125 0.5194208328125 0.4839203125 0.5181194437500001 0.4839203125 0.50673055625 0.47495078125 0.5064041671874999 0.47440156250000004 0.5158416671875 0.46909375000000003 0.5158416671875 0.46891015625000004 0.6658569437499999 0.5221765625 0.667809721875 0.522359375 0.520072221875
0 0.40889765625 0.517209721875 0.40358906250000004 0.516884721875 0.40358906250000004 0.50451805625 0.39169140625 0.5035430562500001 0.39150859374999997 0.5165583328125 0.3704578125 0.5152569437500001 0.3704578125 0.50386805625 0.3614890625 0.5035430562500001 0.36093984375 0.5129791671875 0.35563125 0.5129791671875 0.3554484375 0.6629944437499999 0.4087140625 0.664947221875 0.40889765625 0.517209721875
0 0.467434375 0.519975 0.46212578125 0.5196500000000001 0.46212578125 0.507284721875 0.45022812500000003 0.5063083328125 0.4500453125 0.519325 0.42899453125000003 0.518022221875 0.42899453125000003 0.5066333328125 0.42002578125 0.5063083328125 0.4194765625 0.51574444375 0.41416796875 0.51574444375 0.41293828125000004 0.66908055625 0.46218125 0.6703305562499999 0.467434375 0.519975
0 0.35298281249999997 0.5077611109375 0.34777421875000003 0.50529305625 0.34742734375 0.49634166718749995 0.33909296875 0.495415278125 0.33909296875 0.50621805625 0.31895234375000003 0.5009708328125 0.3194734375 0.4904763890625 0.3064515625 0.48893333281249995 0.3050625 0.49850138906249997 0.3008953125 0.497575 0.2925609375 0.64820694375 0.342565625 0.6580833328125 0.35298281249999997 0.5077611109375
1 0.22400156249999997 0.09028055625 0.22608828124999997 0.8595222218749999 0.65043828125 0.8607583328124999 0.6601781250000001 0.10141111093749999 0.22400156249999997 0.09028055625