0 0.5746520562499999 0.5177105562500001 0.60651856875 0.61526439375 0.6951750234375 0.5734908812499999 0.6916557765625 0.5654277546875 0.69534118125 0.56003859375 0.6900945 0.53899530625 0.68393994375 0.5405298078125 0.6718647734375 0.5042025375 0.67712630625 0.5011014296875 0.6727734046875 0.48162455781249996 0.66519751875 0.4835134375 0.6603655828125 0.4722005125 0.5746520562499999 0.5177105562500001
0 0.4854086296875 0.405854275 0.46136789062499994 0.2428720421875 0.452743425 0.2405520765625 0.45038632187500005 0.22504645 0.4396037296875 0.224159196875 0.44148781406250004 0.23978275781249997 0.4160276484375 0.24255360312500002 0.4130412109375 0.224523859375 0.405255321875 0.225570471875 0.40855922343750006 0.24084003437499998 0.39967064531249996 0.2394791171875 0.4266543140625 0.40619788124999995 0.4854086296875 0.405854275
0 0.539937334375 0.5156375078125001 0.44304948125 0.43161428593749995 0.42485051875 0.5139344968749999 0.5204203374999999 0.6027566281250001 0.5241647734375 0.587518978125 0.5310519593749999 0.5929531234375001 0.53584573125 0.5819241296875 0.5289582078125 0.5764886359375 0.5359786468750001 0.5380827546875 0.5439685203125 0.545924425 0.5472391796875 0.5308049015625 0.539194859375 0.5247632 0.539937334375 0.5156375078125001
0 0.47929507187500003 0.67380649375 0.3984230234375 0.549133159375 0.3936833609375 0.5583608328125 0.3895347828125 0.5477735906250001 0.38432134375000004 0.557119390625 0.3896267203125 0.568312840625 0.37577320625 0.599483259375 0.3701019359375 0.5848039468749999 0.3633066875 0.599909053125 0.369822971875 0.6099073921875 0.3678219171875 0.6139819671875 0.448381425 0.7333683109375 0.47929507187500003 0.67380649375
0 0.6127381062499999 0.1783094890625 0.5314365140625 0.233447915625 0.56583163125 0.325006384375 0.64749878125 0.273352471875 0.6442977578125 0.26252897656249996 0.652190771875 0.2578785671875 0.6458357234375 0.24247511249999998 0.6386798390624999 0.246048534375 0.6216114953125 0.20381345468749998 0.6292403984375 0.20012209531249997 0.6234135734375 0.1828005421875 0.6162032421875 0.1881739359375 0.6127381062499999 0.1783094890625
0 0.6153141468750001 0.4306842875 0.5783904234375 0.3451211890625 0.5033364171875 0.419265521875 0.5051179625 0.43044436406250003 0.5022234640625001 0.432953871875 0.5083144015625 0.4493163765625 0.5122094703125 0.4447681390625 0.5317526453125 0.4828105171875 0.5270663359375 0.49023705937499995 0.531689028125 0.5007075249999999 0.53789769375 0.49737170312499995 0.541152828125 0.5063938765625 0.6153141468750001 0.4306842875
0 0.767790640625 0.6126048703125 0.7344911828125 0.452825728125 0.6790461109375 0.4603901890625 0.7120817953125 0.6211297296875 0.7188667765625001 0.622120503125 0.72096545 0.6305378171875 0.7299611515625 0.6282949375 0.7305469765625 0.6165258421875001 0.75011560625 0.61432929375 0.752843946875 0.6252720734375 0.763943665625 0.6233978015625 0.7614253265625 0.6132972921875 0.767790640625 0.6126048703125
0 0.65957826875 0.719155775 0.5862283328125 0.594396228125 0.543745775 0.647901925 0.6213036578125 0.7734015734375 0.6264637453125 0.7658569046875 0.63418984375 0.7746589734375 0.6386661515625 0.766390159375 0.633570440625 0.75603763125 0.6479949281249999 0.7372425140625001 0.654144896875 0.743756528125 0.659358 0.73440938125 0.6540526234375 0.72321593125 0.65957826875 0.719155775
0 0.378317 0.5693448421875 0.417843159375 0.4495219578125 0.3665974890625 0.38719869687499997 0.32297160156250004 0.502678840625 0.3293319953125 0.5100335890625 0.32695928125 0.51867255 0.3372094 0.5295277671874999 0.34068480156250003 0.5232963359375 0.363810840625 0.55150483125 0.3614385484375 0.560142253125 0.368008184375 0.5683394625 0.3722207171875 0.5610310453125 0.378317 0.5693448421875
0 0.4299498203125 0.7683626328125001 0.47671842499999995 0.8389548984375 0.5313800765625001 0.7394961421875 0.527279928125 0.7351549390625001 0.5298618859374999 0.727358440625 0.5190362078125 0.7121764390624999 0.5162442484375 0.7191306671875 0.4960660609375 0.6866115328125 0.49938590781250003 0.6777378578125 0.49265962031250005 0.6668972484375 0.48923264843750003 0.6793747203125 0.483346790625 0.67190165625 0.4299498203125 0.7683626328125001
0 0.7363893609375001 0.44430508281250003 0.736857828125 0.2868350515625 0.6762246843749999 0.263509271875 0.67807099375 0.42218999375 0.687061775 0.42799428281249996 0.6842690578124999 0.43494869999999997 0.6963109875 0.44088688437499995 0.6964233703125 0.42923726249999994 0.7210340234375 0.43919302499999996 0.7196081046875 0.44759592187499997 0.727813325 0.44823115625 0.728292025 0.4400658609375 0.7363893609375001 0.44430508281250003
1 0.5813174937500001 0 0.2023450859375 0.0968449234375 0.417999815625 0.90253349375 0.8685134281250001 0.7902078343750001 0.6770753515625 0 0.5813174937500001 0