0 0.27592083125 0.4440378171875 0.293708484375 0.4464709828125 0.29342567656249996 0.45564652656250004 0.30513581875 0.45628344531250004 0.3062127984375 0.4439735234375 0.312778459375 0.4441073796875 0.32381563281250003 0.2953630375 0.2717518953125 0.291562309375 0.2599613375 0.43923691875 0.2655954796875 0.4400323828125 0.2656331796875 0.45205224062499993 0.274315825 0.45242428749999997 0.27592083125 0.4440378171875
0 0.32838924999999997 0.44586630937500005 0.3472405390625 0.44905895625000003 0.34695760937500003 0.45823588437499996 0.357697109375 0.4593720515625 0.3584362734375 0.4494264046875 0.361943190625 0.44973322031249996 0.3744784609375 0.299623975 0.325940834375 0.297362815625 0.31387370312499996 0.44576051562499996 0.3175300296875 0.445847571875 0.31691215625 0.454406846875 0.327847759375 0.4550136453125 0.32838924999999997 0.44586630937500005
0 0.3794436015625 0.4499189109375 0.3982941125 0.453111490625 0.39801118281250003 0.46228841718749997 0.4087506828125 0.46342458437499995 0.409490625 0.45347900625 0.41299676406249997 0.453785753125 0.42553203437500003 0.3036765078125 0.37699440625 0.3014153484375 0.3649272765625 0.44981304843750003 0.36858360156250003 0.44990010468749997 0.36796572968749997 0.45845938124999996 0.37890133125 0.45906617968749996 0.3794436015625 0.4499189109375
0 0.43070800781249996 0.45305856718750004 0.44955851874999997 0.456251146875 0.44927558906250004 0.46542807656249996 0.4600150890625 0.466564240625 0.46075503125 0.4566186640625 0.46426116874999995 0.45692541093749994 0.476796440625 0.3068161640625 0.42825881250000003 0.30455500468749996 0.4161916828125 0.45295270624999995 0.4198480078125 0.4530397625 0.41923013593749997 0.4615990375 0.4301657375 0.4622058359375 0.43070800781249996 0.45305856718750004
0 0.4831102484375 0.4573197171875 0.5019615390625 0.4605123640625 0.5016787296875 0.46968790781249997 0.5124182296875001 0.470824075 0.5131572734375001 0.46087981093749997 0.5166641890625 0.46118662656250003 0.52919958125 0.3110759984375 0.480661953125 0.30881483906249996 0.46859470156249994 0.4572139234375 0.47225102812499997 0.457300978125 0.4716331546875 0.4658602546875 0.48256887812500004 0.46646566875 0.4831102484375 0.4573197171875
0 0.534418025 0.4645620984375 0.5532685359375 0.46775467812500005 0.552985728125 0.4769302234375 0.563725228125 0.4780663890625 0.5644642703125 0.4681221265625 0.5679711875 0.46842894218750003 0.5805065796875 0.3183183140625 0.5319689515625 0.316057153125 0.5199017 0.46445623593749996 0.5235580265625 0.46454329375 0.522940153125 0.47310256875 0.5338758765625 0.473707984375 0.534418025 0.4645620984375
0 0.585145384375 0.4660416875 0.603995896875 0.4692342671875 0.603712965625 0.4784111953125 0.6144525875 0.479545978125 0.6151924078125 0.469601784375 0.6186985468749999 0.46990853125000004 0.6312347171875 0.31979796875 0.5826963109375 0.3175367421875 0.5706290593750001 0.465935825 0.5742853859375 0.4660228828125 0.5736675124999999 0.47458215781249996 0.5846032359375 0.475187571875 0.585145384375 0.4660416875
0 0.5977812078125 0.3066349921875 0.61663171875 0.309827571875 0.6163487890625 0.3190045 0.6270890671875 0.320140734375 0.62782823125 0.3101950890625 0.6313343703125 0.31050183593749997 0.6431495921875 0.1661308359375 0.594969875 0.16292505468750001 0.5832656609375 0.3065291984375 0.5869219875 0.30661625625 0.5863041140624999 0.31517552968749996 0.5972389390624999 0.3157822609375 0.5977812078125 0.3066349921875
0 0.5476139203125 0.30265302968749996 0.566465209375 0.3058456765625 0.5661822796875 0.31502260312499997 0.5769217796875 0.3161587703125 0.57766094375 0.30621312343749996 0.5811678609375 0.3065199390625 0.5929830828125 0.16214894062500002 0.544802465625 0.1589444734375 0.5330983734375 0.30254723437500003 0.5367546984375 0.302634290625 0.5361368265625 0.3111935671875 0.547072428125 0.311800365625 0.5476139203125 0.30265302968749996
0 0.4956122328125 0.298510575 0.514463521875 0.301703221875 0.5141805921875 0.31088015156250004 0.5249200921875 0.312016315625 0.52565925625 0.3020706703125 0.5291653953125001 0.30237741875 0.5409804953124999 0.1580078015625 0.492800778125 0.1548020203125 0.4810966859375 0.29840478125000003 0.48475301093749995 0.29849183749999997 0.48413513906250005 0.30705111406249996 0.4950707421875 0.3076579109375 0.4956122328125 0.298510575
0 0.444940228125 0.29185360781249997 0.4637907390625 0.2950461875 0.46350780937499997 0.3042231171875 0.47424730937500004 0.3053592828125 0.47498725156250005 0.2954137046875 0.478493390625 0.2957204515625 0.49030861249999996 0.1513494515625 0.4421288953125 0.1481436703125 0.430423903125 0.2917477484375 0.434080228125 0.291834803125 0.43346235625 0.3003940796875 0.444397959375 0.301000878125 0.444940228125 0.29185360781249997
0 0.394406371875 0.287839575 0.41325688281249995 0.291032153125 0.412973953125 0.3002090828125 0.42371423124999996 0.301345315625 0.4244533953125 0.2913996703125 0.42795953437499995 0.2917064171875 0.43977475625 0.14733541875 0.3915949171875 0.14413101875 0.37989082500000004 0.2877337796875 0.38354715 0.2878208375 0.3829285 0.29638004375000004 0.3938641015625 0.29698684218750004 0.394406371875 0.287839575
0 0.34149858437499997 0.2855920265625 0.3603498734375 0.28878467343750003 0.36006694375000003 0.297961603125 0.37080644375 0.29909776718750003 0.3715456078125 0.289152121875 0.375051746875 0.2894588703125 0.38686696875000004 0.14508787031249998 0.3386871296875 0.141883471875 0.3269830375 0.28548623281249996 0.3306393640625 0.2855732890625 0.33002149062499997 0.294132565625 0.34095709375 0.2947393625 0.34149858437499997 0.2855920265625
0 0.2902356546875 0.2814584375 0.309086165625 0.28465101718749997 0.3088040140625 0.2938280140625 0.3195435140625 0.2949641796875 0.320282678125 0.285018534375 0.32378881718749997 0.28532528125 0.3356040390625 0.14095428125 0.287424321875 0.1377485 0.2757201078125 0.28135264375 0.2793764328125 0.2814397015625 0.2787585609375 0.2899989765625 0.289694284375 0.2906043921875 0.2902356546875 0.2814584375
1 0.25793295 0.11707169843750001 0.188745675 0.8799097359375001 0.6242254375 0.9099299234375 0.68263976875 0.1541185890625 0.25793295 0.11707169843750001