0 0.530661703125 0.71505651875 0.5241340953125 0.7164440046875 0.5208419156249999 0.69894895625 0.42948533437499997 0.7085117484375 0.44510393437499995 0.8120861421875001 0.5379928421875 0.8037126953125 0.5371577203125 0.7917612703125 0.5455268203125 0.7930138875 0.5424433750000001 0.7785074140625 0.53275086875 0.7790511484375 0.525739459375 0.7320228890625 0.533491278125 0.7303751890625 0.530661703125 0.71505651875
0 0.499326153125 0.610685228125 0.49279778125 0.612072875 0.4895056015625 0.594577828125 0.39709327031249997 0.612295265625 0.41376838437499996 0.70771485 0.506656528125 0.6993415656249999 0.5058221703125 0.6873899796875 0.5141905062500001 0.6886427578125 0.5111070609375 0.6741362859375 0.5014145546875 0.6746800187499999 0.494403909375 0.627651596875 0.502155728125 0.626003896875 0.499326153125 0.610685228125
0 0.4852161828125 0.49121935 0.4754240078125 0.49330074062499996 0.47336543750000004 0.48160936875000004 0.3868878953125 0.5121196734375 0.40687633749999996 0.60415134375 0.49789628124999996 0.578801046875 0.494622465625 0.5695802140625 0.5026289187499999 0.5671201531250001 0.4989377765625 0.555774375 0.49123061718749994 0.5536228234375 0.479985825 0.5067361609375001 0.485951159375 0.504709953125 0.4852161828125 0.49121935
0 0.48319247968749995 0.30482811718749997 0.48601955625000004 0.320691146875 0.4922743515625 0.31936165 0.4954259453125 0.3341887359375 0.5872904921875 0.3127255578125 0.569215953125 0.214874346875 0.4733659375 0.23040455781250002 0.47625065937500005 0.24141341718749998 0.471235140625 0.24344788281250002 0.47445638125 0.2611653171875 0.4826693265625 0.26135637031250003 0.4908834921875 0.30513011093750003 0.48319247968749995 0.30482811718749997
0 0.536403546875 0.7012584234375 0.5401459562500001 0.7188650812499999 0.5338911609375 0.720194578125 0.55962639375 0.8822760687500001 0.620101671875 0.877168721875 0.5939725625000001 0.713234184375 0.58511115625 0.7151177343749999 0.5839179999999999 0.7018125546875 0.5748596546875 0.7027695828125 0.577292853125 0.716779565625 0.5492043015625 0.7179080531250001 0.5468284609375 0.699042540625 0.536403546875 0.7012584234375
0 0.6000572 0.139553653125 0.6036603171875 0.15137961718749998 0.5958420140625 0.1530414484375 0.6231404656249999 0.314789246875 0.682700984375 0.307940990625 0.6543599062500001 0.1464133875 0.6471316546875 0.1508549515625 0.6445015187500001 0.1359184453125 0.6335554359375 0.1382451078125 0.6363128640625 0.15121779062500001 0.613830646875 0.15309138125 0.60996094375 0.1374485484375 0.6000572 0.139553653125
0 0.4907994984375 0.461077621875 0.49076566718750003 0.4814237109375 0.49897861250000003 0.48161476406250003 0.500693703125 0.494809003125 0.599788484375 0.512486784375 0.591361578125 0.41645844375 0.491931328125 0.39207328124999996 0.49449181875 0.4041194390625 0.48667275156249995 0.40578143281249995 0.48799396406250006 0.417122625 0.4955576828125 0.41938844218750004 0.49940555625 0.463121884375 0.4907994984375 0.461077621875
0 0.5989327796875 0.5494715109375 0.5913810625 0.5549502140625 0.5854262078125 0.5397520140625 0.50123113125 0.5896091515624999 0.5328703640625 0.6923241671875 0.6177139015625001 0.6403924265625001 0.61587151875 0.6291620124999999 0.62205666875 0.6249421671875 0.6174115015625 0.61333911875 0.6111567046874999 0.6146686171875 0.5974050890625 0.5730402812500001 0.6058726171875 0.5693036859375 0.5989327796875 0.5494715109375
0 0.65538034375 0.3844487046875 0.6615890171875 0.3957194171875 0.65384065 0.4002729546875 0.7040738953125001 0.557147234375 0.7574123968750001 0.5312811890625 0.753879215625 0.5223469328125 0.70815184375 0.3712950078125 0.7028820312499999 0.3772584796875 0.6983638671875 0.36369024843750003 0.6903609140625 0.3721714359375 0.6945425578125 0.3790310890625 0.6729866234374999 0.39039163125 0.6678202875 0.3788993609375 0.65538034375 0.3844487046875
0 0.7295272140625 0.6640822562500001 0.7238973546875 0.6478465921875001 0.7161479328125 0.6523989328125 0.711826996875 0.639758584375 0.63363213125 0.6922138734375001 0.6637535015625 0.78266253125 0.7485970390625 0.730730790625 0.7457819640625 0.7226122796875 0.7496147984375 0.7150174796875 0.7448423390625 0.7053782562500001 0.7374182015625 0.70889449375 0.72275125 0.6655225312499999 0.7295272140625 0.6640822562500001
0 0.63505641875 0.4759345828125 0.6282804546875 0.4773748578125 0.6314894062499999 0.487346415625 0.625698134375 0.49341930625 0.67261895 0.65777776875 0.7221123281249999 0.631760646875 0.6740221703125 0.46958892343749997 0.66679391875 0.4740304875 0.6638395515625 0.46013128124999997 0.658175571875 0.46424034843750006 0.661130228125 0.47814091249999996 0.6395750578125 0.4895012921875 0.63505641875 0.4759345828125
0 0.41156179687499994 0.3705573140625 0.409722603125 0.3827818390625 0.417074434375 0.387793378125 0.4186070953125 0.377606271875 0.425777946875 0.38002659375 0.44962644531249996 0.23821086249999998 0.3935932109375 0.195553665625 0.3709406171875 0.33777261875 0.3755874859375 0.3387571625 0.3745507734375 0.354757065625 0.38584184375 0.3609035578125 0.38595924843749996 0.351017275 0.41156179687499994 0.3705573140625
0 0.46802446093750005 0.37696361562499997 0.46099574531250004 0.38043130000000003 0.45806223125 0.3718495125 0.3746790515625 0.40929722812499997 0.4004427546875 0.5044093593750001 0.4857287046875 0.46721461875000003 0.48256721718750006 0.45408075625000005 0.49092582656249995 0.45164665781249996 0.4856805859375 0.43566859999999996 0.47873723437500004 0.437801878125 0.46576161875000005 0.40111320156249997 0.4726104078125 0.39505549375000004 0.46802446093750005 0.37696361562499997
1 0.8795091656249999 0.8819547343749999 0.6993131609375001 0.060652728125 0.2422551328125 0.15494653593750002 0.40620925625000004 0.9754169718749999 0.8795091656249999 0.8819547343749999