0 0.30578828125 0.34088194375 0.30254609375 0.341384721875 0.30268671875000003 0.3313513890625 0.28915156249999996 0.3311 0.28915156249999996 0.341634721875 0.2701171875 0.34238749999999996 0.26941171875 0.3298458328125 0.2588375 0.330347221875 0.25869609374999997 0.34288888906250004 0.25404375 0.34238749999999996 0.25523203125 0.48954444375 0.30578828125 0.489375 0.30578828125 0.34088194375
0 0.35877734375000003 0.3378083328125 0.355534375 0.338309721875 0.355675 0.3282763890625 0.34213984375 0.328025 0.34213984375 0.338559721875 0.32310546875 0.3393125 0.32240078125 0.32677083281249997 0.31182578125 0.327272221875 0.31168515625 0.3398138890625 0.30703203125 0.3393125 0.3077375 0.49006249999999996 0.35753359375 0.489375 0.35877734375000003 0.3378083328125
0 0.40978359375 0.33598055625 0.40527187500000006 0.33573055625000003 0.4045671875 0.32494444375 0.395128125 0.32520138906249996 0.395128125 0.3357361109375 0.37609453125000003 0.3364888890625 0.3753890625 0.323947221875 0.36481484375 0.3244486109375 0.3646734375 0.336990278125 0.36002109375 0.3364888890625 0.36015546875000004 0.48560277812499997 0.40950312499999997 0.48535277812500005 0.40978359375 0.33598055625
0 0.46178515625000005 0.3361666671875 0.45727343749999994 0.3359166671875 0.45656875 0.32513055625 0.44713046875 0.3253875 0.44713046875 0.335922221875 0.42809609374999996 0.336675 0.42739062499999997 0.3241333328125 0.41681640625 0.324634721875 0.416675 0.3371763890625 0.41202265625 0.336675 0.41215703125 0.485790278125 0.4615046875 0.4855388890625 0.46178515625000005 0.3361666671875
0 0.51364609375 0.33735694375 0.509134375 0.33710555625 0.50842890625 0.32631944375 0.49899062499999997 0.326577778125 0.49899062499999997 0.33711250000000004 0.47995625000000003 0.337865278125 0.4792515625 0.3253236109375 0.46867656249999995 0.325825 0.4685359375 0.33836666718749997 0.46388281249999996 0.337865278125 0.4640171875 0.4869791671875 0.5133656249999999 0.486727778125 0.51364609375 0.33735694375
0 0.5646609375 0.336790278125 0.5601484375 0.33653888906249996 0.55944375 0.3257541671875 0.55000546875 0.3260111109375 0.55000546875 0.3365458328125 0.5309710937500001 0.3372986109375 0.53026640625 0.32475694375 0.51969140625 0.3252583328125 0.51955078125 0.3378 0.51489765625 0.3372986109375 0.51503203125 0.48641249999999997 0.56438046875 0.4861625 0.5646609375 0.336790278125
0 0.61638046875 0.3332138890625 0.61186875 0.3329625 0.61116328125 0.32217777812500004 0.601725 0.322434721875 0.601725 0.33296944375000004 0.582690625 0.333722221875 0.5819859375 0.32118055624999997 0.5714109374999999 0.32168194375 0.5712703125 0.33422361093749997 0.5666171875 0.333722221875 0.5667515625 0.4828361109375 0.6161 0.48258611093750003 0.61638046875 0.3332138890625
0 0.6173421875 0.4954375 0.6128296875 0.4951875 0.61209375 0.4860361109375 0.60264765625 0.4867888890625 0.60268671875 0.49519305625000004 0.5836523437500001 0.4959458328125 0.5829078125 0.4860361109375 0.57233359375 0.487040278125 0.5733203125 0.49406388906250004 0.567821875 0.49431388906249996 0.56771328125 0.6450611109375 0.61706171875 0.644809721875 0.6173421875 0.4954375
0 0.56613515625 0.496627778125 0.5616234375 0.4963763890625 0.5608875 0.4872263890625 0.551440625 0.4879791671875 0.55148046875 0.4963833328125 0.53244609375 0.4971361109375 0.5317015625 0.4872263890625 0.52112734375 0.4882291671875 0.5221140625 0.49525277812499996 0.51661484375 0.49550416718749996 0.51650703125 0.64625 0.5658546875 0.6459986109375 0.56613515625 0.496627778125
0 0.5147875 0.4975666671875 0.5102757812500001 0.497315278125 0.50953984375 0.488165278125 0.50009375 0.48891805625 0.5001328125 0.497322221875 0.48109843750000003 0.49807499999999993 0.48035390624999996 0.488165278125 0.4697796875 0.48916805625000004 0.47076640625 0.49619166718749996 0.46526796875 0.49644305624999996 0.465159375 0.6471888890625 0.5145078125 0.6469375 0.5147875 0.4975666671875
0 0.4628765625 0.497752778125 0.45836484375 0.4975013890625 0.45762890624999997 0.48835138906250003 0.44818203125 0.48910416718749994 0.44822109374999997 0.49750833281249995 0.42918671875000003 0.49826111093750003 0.42844296875000004 0.48835138906250003 0.41786796875 0.4893541671875 0.4188546875 0.496377778125 0.41335625 0.4966291671875 0.41324765625 0.647375 0.46259609375000005 0.6471236109375 0.4628765625 0.497752778125
0 0.41054218750000004 0.49593194374999994 0.40602968749999996 0.49568055624999996 0.40529374999999995 0.48653055624999997 0.39584765625 0.4872833328125 0.39588671875000003 0.4956875 0.37685234375 0.49644027812499997 0.3761078125 0.48653055624999997 0.36553359375 0.48753333281250005 0.3665203125 0.49455694375 0.361021875 0.4948083328125 0.36091328125 0.6455541671875 0.41026171875 0.6453041671874999 0.41054218750000004 0.49593194374999994
0 0.357784375 0.5006333328125 0.35327265625000004 0.50038194375 0.35253671875000003 0.49123194375 0.34308984374999996 0.49198472187500003 0.34312890625 0.5003888890625 0.32409453125 0.5011416671875 0.32335078125 0.49123194375 0.31277578125 0.49223472187499995 0.31376328125 0.4992583328125 0.3082640625 0.499509721875 0.30815625 0.6502555562500001 0.35750390625 0.65000555625 0.357784375 0.5006333328125
0 0.30643671875 0.5010708328125 0.301925 0.50081944375 0.3011890625 0.49166944375000005 0.2917421875 0.49242083281250004 0.29178203125 0.5008263890625 0.27274765625 0.5015777781249999 0.272003125 0.49166944375000005 0.26142890625000004 0.49267222187500004 0.262415625 0.4996958328125 0.25691640625 0.4999458328125 0.25680859375 0.65069305625 0.30615625 0.6504416671875 0.30643671875 0.5010708328125
1 0.2234015625 0.08817916718749999 0.2259359375 0.85976944375 0.6512851562499999 0.861622221875 0.66013515625 0.1012125 0.2234015625 0.08817916718749999