0 0.2612609375 0.539309721875 0.25557890625 0.5396111109375 0.25445390625000003 0.6877513890625 0.30665078125 0.6885027781249999 0.30861953125 0.5393625 0.3020671875 0.5389236109375 0.3020671875 0.5265666671875 0.29034609375 0.52618055625 0.289828125 0.5353458328125 0.27189609375 0.5362194437500001 0.271028125 0.527725 0.26234609375 0.5273388890625 0.2612609375 0.539309721875
0 0.3135046875 0.53804305625 0.3098546875 0.5378111109375 0.3089421875 0.6866958328125 0.3574921875 0.6886736109375 0.3580875 0.53804305625 0.3545671875 0.53804305625 0.35469765625 0.5280708328125 0.3439 0.5282666671875 0.34338203125 0.5374333328125 0.32432421875 0.5389708328125 0.32458203124999996 0.5298111109375 0.31363515625 0.5294625 0.3135046875 0.53804305625
0 0.36471718750000004 0.53845555625 0.3610671875 0.5382236109375 0.3601546875 0.6871083328125 0.40870468750000005 0.6890861109374999 0.4093 0.53845555625 0.40578046875 0.53845555625 0.40591015625000004 0.5284833328125 0.39511250000000003 0.5286791671875 0.39459453125 0.5378458328125 0.37553749999999997 0.5393833328125 0.37579453125 0.5302236109375 0.36484765625 0.529875 0.36471718750000004 0.53845555625
0 0.41606015625000003 0.5397958328125 0.41241015625 0.5395638890625001 0.41149765625 0.6884486109375 0.46004765625 0.6904263890625 0.46064296875000005 0.5397958328125 0.45712343750000006 0.5397958328125 0.457253125 0.5298236109375 0.44645546875 0.53001944375 0.4459375 0.5391861109375 0.42688046875 0.5407236109375 0.4271375 0.5315638890625001 0.41619062500000004 0.531215278125 0.41606015625000003 0.5397958328125
0 0.46863515624999996 0.54011805625 0.46498515625000003 0.5398861109374999 0.46407265625000005 0.688772221875 0.51262265625 0.69075 0.51321796875 0.54011805625 0.50969765625 0.54011805625 0.5098281250000001 0.530147221875 0.49903046875 0.53034305625 0.4985125 0.5395083328125 0.4794546875 0.5410458328125001 0.47971250000000004 0.5318875000000001 0.46876562499999996 0.5315375 0.46863515624999996 0.54011805625
0 0.5203781249999999 0.537375 0.516728125 0.5371430562499999 0.515815625 0.6860291671875001 0.564365625 0.68800694375 0.5649609375 0.537375 0.561440625 0.537375 0.56157109375 0.5274041671874999 0.5507734375 0.5276 0.55025546875 0.5367652781250001 0.5311984375 0.538302778125 0.53145546875 0.52914444375 0.52050859375 0.5287944437500001 0.5203781249999999 0.537375
0 0.57104140625 0.540322221875 0.56739140625 0.540090278125 0.56647890625 0.6889763890625 0.6150296875000001 0.6909541671875 0.6156242187500001 0.540322221875 0.6121046875 0.540322221875 0.612234375 0.5303513890625 0.60143671875 0.5305458328125 0.6009187500000001 0.5397125 0.58186171875 0.54125 0.58211875 0.5320916671875 0.571171875 0.5317416671874999 0.57104140625 0.540322221875
0 0.56973671875 0.7002236109375 0.56608671875 0.6999916671874999 0.56523046875 0.8440694437499999 0.61350625 0.8450749999999999 0.61431875 0.7002236109375 0.61079921875 0.7002236109375 0.6109296875 0.6902513890625 0.60013125 0.690447221875 0.59961328125 0.6996138890625 0.58055625 0.7011513890625001 0.58081328125 0.6919916671874999 0.5698671875 0.69164305625 0.56973671875 0.7002236109375
0 0.5194132812500001 0.69981805625 0.51576328125 0.6995861109375 0.51490703125 0.8436625 0.56318359375 0.84466944375 0.5639960937499999 0.69981805625 0.56047578125 0.69981805625 0.56060625 0.6898458328125 0.54980859375 0.6900416671875 0.549290625 0.6992083328125 0.5302328125 0.7007458328125 0.530490625 0.6915861109375 0.51954375 0.6912375 0.5194132812500001 0.69981805625
0 0.4672484375 0.6994125 0.46359843749999996 0.69918055625 0.46274218749999996 0.8432569437499999 0.5110179687499999 0.8442624999999999 0.51183046875 0.6994125 0.5083109375 0.6994125 0.50844140625 0.689440278125 0.49764375000000005 0.6896361109375 0.49712578125 0.6988027781249999 0.47806796875 0.700340278125 0.47832578124999997 0.69118055625 0.46737890625 0.69083194375 0.4672484375 0.6994125
0 0.41618828125 0.701627778125 0.41253828124999997 0.7013958328125 0.41168281249999994 0.8454736109375001 0.45995859375 0.8464791671875 0.46077109375 0.701627778125 0.45725156250000004 0.701627778125 0.45738124999999996 0.69165555625 0.44658359374999995 0.6918513890625 0.446065625 0.70101805625 0.42700859375 0.70255555625 0.427265625 0.6933958328125 0.41631875 0.693047221875 0.41618828125 0.701627778125
0 0.36549765624999997 0.7012222218749999 0.36184765625000004 0.700990278125 0.36099140625000004 0.8450666671875 0.40926718749999996 0.8460736109375 0.4100796875 0.7012222218749999 0.40656015625 0.7012222218749999 0.406690625 0.6912499999999999 0.3958921875 0.6914458328124999 0.39537421875 0.7006125 0.3763171875 0.7021499999999999 0.37657421874999997 0.692990278125 0.36562734375 0.6926416671875 0.36549765624999997 0.7012222218749999
0 0.3125953125 0.69885 0.3089453125 0.6986180562500001 0.3080890625 0.8426944437499999 0.35636484375 0.8437013890625 0.35717734375 0.69885 0.3536578125 0.69885 0.35378828125 0.688877778125 0.342990625 0.6890736109375 0.34247265625 0.698240278125 0.32341484375 0.699777778125 0.32367265624999997 0.6906180562500001 0.31272578125 0.69026944375 0.3125953125 0.69885
0 0.2611671875 0.6985 0.2575171875 0.69826805625 0.2566609375 0.8423458328125 0.30493671875 0.8433513890625 0.30574921875 0.6985 0.3022296875 0.6985 0.30236015625 0.688527778125 0.2915625 0.6887236109375 0.29104375 0.697890278125 0.27198671874999997 0.699427778125 0.27224453125000003 0.69026944375 0.26129765625 0.68991944375 0.2611671875 0.6985
1 0.22304140625 0.0944083328125 0.22547968749999997 0.8603736109375 0.65179921875 0.8604833328125 0.65948046875 0.10245694375 0.22304140625 0.0944083328125