0 0.7568394578125 0.281672375 0.7836806046875 0.1336167625 0.7332517281250001 0.1272582109375 0.708315840625 0.27760699375 0.711447003125 0.2785353953125 0.7099173515625 0.28640477343750004 0.7165067421875 0.287074390625 0.7180560046875 0.2791041234375 0.7407277671875 0.2815047609375 0.740114509375 0.287284209375 0.751757471875 0.28909319375 0.752871078125 0.28204988593749997 0.7568394578125 0.281672375
0 0.7051496453125 0.27540121875 0.7319915578125 0.1273457578125 0.6815619140625 0.1209870546875 0.656626028125 0.2713358390625 0.6597571906249999 0.27226423906249997 0.6582275375 0.2801336171875 0.664816928125 0.280803234375 0.666366190625 0.2728329671875 0.6890379531249999 0.27523360625 0.6884249625 0.28101168906249996 0.7000676593749999 0.2828220375 0.7011812640625 0.2757787296875 0.7051496453125 0.27540121875
0 0.6509170156249999 0.272536625 0.6777581625 0.124481015625 0.6273292859375 0.1181224640625 0.6023933984375 0.268471246875 0.6055245609375 0.269399646875 0.603994909375 0.277269025 0.6105843 0.2779386421875 0.6121335625000001 0.26996837500000004 0.6348053250000001 0.2723690140625 0.63419206875 0.278148459375 0.6458350296875001 0.2799574453125 0.6469483703125001 0.2729155 0.6509170156249999 0.272536625
0 0.7291304640625 0.4414315875 0.755972378125 0.2933761265625 0.7055435015625 0.2870175734375 0.6806076140624999 0.4373663578125 0.6837380093750001 0.43829460625000005 0.6822083578125 0.44616398593750006 0.688798515625 0.44683375156249994 0.69034804375 0.438862121875 0.7130195406250001 0.4412641234375 0.7124065484375001 0.4470422078125 0.7240492453125 0.44885255625 0.7251628515624999 0.441809246875 0.7291304640625 0.4414315875
0 0.676024225 0.4359986203125 0.7028661375 0.28794315937500004 0.6524362296875 0.2815858203125 0.6275003421875 0.43193460312500004 0.6306315046875001 0.43286300312500003 0.62910211875 0.44073101875000004 0.635692275 0.441400784375 0.6372415375 0.43343051875 0.6599122687500001 0.43583237031250005 0.65930004375 0.441610603125 0.6709422390625 0.4434194390625 0.672056346875 0.43637764375000004 0.676024225 0.4359986203125
0 0.6238948421875 0.43521525 0.6507367546875 0.2871597875 0.6003068453125 0.28080245000000004 0.575371225 0.4311498703125 0.5785023875 0.4320782703125 0.576972734375 0.43994764843749995 0.5835628921875 0.44061741562499995 0.5851121546875 0.43264714687500005 0.60778315 0.43504763750000003 0.6071706609375 0.44082723437500004 0.61881285625 0.44263606875 0.6199269625 0.435594271875 0.6238948421875 0.43521525
0 0.5991575890624999 0.267999321875 0.625999503125 0.119943859375 0.5755706265625 0.11358530781250001 0.550633971875 0.263933940625 0.5537651343750001 0.264862340625 0.5522354828125 0.27273172031250004 0.5588256406250001 0.2734014859375 0.5603749031249999 0.26543121875 0.5830458984375 0.2678317078125 0.5824334078125 0.2736113046875 0.5940756031250001 0.2754201390625 0.5951897109375001 0.26837834374999997 0.5991575890624999 0.267999321875
0 0.570336271875 0.43040604531250004 0.5971774171875001 0.28235043437499996 0.546748540625 0.2759918828125 0.5218126546875 0.426340665625 0.5249438171875 0.427269065625 0.523414165625 0.43513844375 0.5300035546874999 0.4358080609375 0.5315530828125 0.42783643125 0.5542245796875 0.4302384328125 0.5536115890625 0.4360165171875 0.5652542859375 0.43782686562500006 0.566367890625 0.43078355625000003 0.570336271875 0.43040604531250004
0 0.5449416296875 0.26690374375000003 0.5717835421874999 0.1188482828125 0.521354665625 0.1124897296875 0.4964187796875 0.2628385140625 0.499549175 0.2637667640625 0.49801952343749994 0.2716361421875 0.5046096796875 0.27230590781249997 0.5061589421875 0.2643356421875 0.5288307046875 0.2667362796875 0.5282174484375 0.2725157265625 0.5398604109375 0.2743247125 0.5409737515625 0.2672827671875 0.5449416296875 0.26690374375000003
0 0.4937133375 0.259048490625 0.5205552499999999 0.1109930296875 0.47012637343749997 0.1046344765625 0.44519048593750005 0.2549832609375 0.4483208828125 0.2559115109375 0.4467912296875 0.2637808890625 0.4533813875 0.2644506546875 0.45493065 0.2564803890625 0.4776024125 0.2588810265625 0.4769894203125 0.2646591109375 0.4886321171875 0.266469459375 0.48974572343749995 0.25942615 0.4937133375 0.259048490625
0 0.44055761718750003 0.25605648593749997 0.46739953125 0.1080010234375 0.41696988749999997 0.101642321875 0.3920340015625 0.25199110468749997 0.3951651640625 0.25291950625 0.3936355109375 0.26078888437500003 0.4002249015625 0.2614585015625 0.4017741640625 0.2534882328125 0.4244459265625 0.255888871875 0.4238334375 0.26166846875 0.4354756328125 0.26347730468749997 0.43658973906250004 0.2564355078125 0.44055761718750003 0.25605648593749997
0 0.51720269375 0.4267392 0.544043840625 0.2786835875 0.49361496406249994 0.2723250359375 0.4686790765625 0.42267381875 0.47181023906249997 0.42360222031249994 0.4702805875 0.4314715984375 0.476869978125 0.432141215625 0.47841950625 0.4241695859375 0.501091003125 0.4265715859375 0.5004780109375 0.43234967031249993 0.512120709375 0.43416001875 0.5132343140625 0.4271167109375 0.51720269375 0.4267392
0 0.4659746671875 0.4188825828125 0.49281581250000006 0.270826971875 0.442386671875 0.2644697828125 0.41745105000000005 0.414817203125 0.4205822125 0.415745603125 0.419052559375 0.42361498124999997 0.42564195 0.4242845984375 0.4271912140625 0.41631433125 0.449862975 0.4187149703125 0.44924971874999997 0.4244944171875 0.46089268125 0.4263034015625 0.462006021875 0.41926145625 0.4659746671875 0.4188825828125
0 0.4144193484375 0.4127097296875 0.4412604953125 0.26465411875 0.39083161875 0.2582955671875 0.36589573125 0.40864435 0.36902689375 0.40957275 0.3674972421875 0.417442128125 0.3740866328125 0.418111746875 0.37563589531249997 0.410141478125 0.3983076578125 0.4125421171875 0.3976944 0.4183215640625 0.40933736249999997 0.42013054843750003 0.410450703125 0.413088603125 0.4144193484375 0.4127097296875
1 0.6930368828125 0.8722983421875 0.8205630156250001 0.1172550359375 0.3827203890625 0.081399175 0.2698775828125 0.8242479203125 0.6930368828125 0.8722983421875