0 0.6046915796875 0.913706309375 0.623342665625 0.9175807234375 0.6216677015625 0.9273762031249999 0.632170415625 0.928961346875 0.6329121718749999 0.9219076578125 0.6383080984375 0.9229939281249999 0.674882184375 0.7767521625 0.6269391265625 0.76505626875 0.5905313343749999 0.909923834375 0.5948482203125 0.911259240625 0.5933487109375 0.9203154859374999 0.6026970875 0.9218704734375001 0.6046915796875 0.913706309375
0 0.5537328609375 0.9010008734375001 0.5723839468749999 0.9048752875 0.570708225 0.9146705781250001 0.581211696875 0.9162559109374999 0.5819526953125 0.9092020328125001 0.5873493796875 0.9102884937500001 0.6239227078125 0.7640465375 0.5759804078124999 0.7523508328124999 0.5395718578124999 0.8972182109375 0.54388874375 0.8985536156249999 0.5423892343750001 0.9076098609375001 0.5517376109375001 0.90916485 0.5537328609375 0.9010008734375001
0 0.503372996875 0.8884447484375 0.5220240828125 0.8923191640624999 0.5203483609374999 0.902114453125 0.5308518328125 0.9036997859375001 0.5315935890625 0.8966460984375001 0.536989515625 0.8977323687500001 0.5735636015625001 0.7514906031249999 0.5256205421875 0.739794709375 0.48921199375 0.8846620859375 0.4935288796875 0.8859974906250001 0.4920293703125 0.8950537359374999 0.501377746875 0.8966087249999999 0.503372996875 0.8884447484375
0 0.4523457984375 0.8734563218750001 0.47099688593750005 0.8773307359375 0.46932192187500005 0.8871262156249999 0.47982463593749997 0.888711359375 0.4805663921875 0.8816576703125 0.48596231875000007 0.8827439406250001 0.5225364046875 0.736502175 0.47459300937500004 0.7248076296875 0.43818555468750003 0.869673846875 0.44250244062500005 0.871009253125 0.44100293125 0.8800654984375 0.4503513078125 0.8816204859375001 0.4523457984375 0.8734563218750001
0 0.40025285625 0.8576367656249999 0.4189039421875 0.8615111828125 0.4172289796875 0.8713066609375 0.427732028125 0.8728904578125001 0.42847378437500006 0.86583676875 0.433869375 0.8669243874999999 0.470443796875 0.7206812734375 0.42250040312500003 0.708986728125 0.38609185468749996 0.8538541046875 0.39040983281249997 0.8551883515625001 0.38890998906249996 0.86424594375 0.39825760625 0.86580074375 0.40025285625 0.8576367656249999
0 0.35095949531250004 0.8459119578125 0.3696105828125 0.8497863734375001 0.3679348609375 0.8595816640624999 0.3784383328125 0.8611669953125001 0.3791800890625 0.8541133078125 0.3845756796875 0.8552009265624999 0.4211501015625 0.7089578125 0.37320670625 0.697263265625 0.33679849375000004 0.8421292953125 0.34111613749999997 0.8434648890625001 0.33961662812500004 0.852521134375 0.3489639109375 0.8540772828125001 0.35095949531250004 0.8459119578125
0 0.3017311359375 0.8313720296874999 0.3203818859375 0.83524779375 0.318707259375 0.845041925 0.329209971875 0.8466270687499999 0.329951728125 0.8395733812499999 0.33534732031250003 0.8406609984375001 0.371921740625 0.694417884375 0.323978346875 0.6827233390624999 0.28756979843749997 0.827590715625 0.2918877765625 0.8289249625 0.29038826875 0.8379812078125 0.29973554999999996 0.8395373546875 0.3017311359375 0.8313720296874999
0 0.644246296875 0.7525065843750001 0.662897384375 0.7563809984375001 0.6612224203125 0.7661764796874999 0.6717251328125 0.7677616234375 0.6724668890625 0.760707934375 0.677863575 0.7617943953124999 0.7144369015625001 0.6155524390625 0.6664946015625001 0.603856734375 0.630086053125 0.7487241124999999 0.6344029375 0.7500595171875 0.6329034296875 0.7591157625 0.64225180625 0.7606707515625 0.644246296875 0.7525065843750001
0 0.5936214125 0.7410166265625 0.6122721640625 0.7448923890625 0.610596778125 0.7546863328125 0.6211002484375 0.756271665625 0.6218412468750001 0.7492177875 0.6272375968749999 0.7503055953125 0.663811259375 0.6040622921875001 0.6158686234374999 0.5923679359375 0.579460075 0.7372353125 0.5837772953125 0.7385693703125 0.5822777875 0.747625615625 0.5916258265625001 0.7491819515625 0.5936214125 0.7410166265625
0 0.542429471875 0.7305189609375 0.5610805578125 0.7343933765624999 0.55940559375 0.74418885625 0.5699083078125 0.745774 0.5706500640625001 0.7387203109375 0.5760464125 0.73980811875 0.6126200765625 0.593564815625 0.5646774406249999 0.5818704578125 0.5282692265625 0.7267364875 0.5325861125 0.7280718937499999 0.531086603125 0.7371281390625 0.54043464375 0.738684475 0.542429471875 0.7305189609375
0 0.49183518125000003 0.7150730624999999 0.5104862671875 0.7189474765625 0.508811303125 0.7287429578125 0.519314353125 0.7303267531250001 0.5200557734375 0.7232744125 0.5254517 0.724360684375 0.562026121875 0.5781175703125 0.5140827265625 0.5664230234375001 0.4776749359375 0.711290590625 0.48199215781250004 0.7126246468749999 0.4804923125 0.7216822406250001 0.4898406890625 0.7232372296875 0.49183518125000003 0.7150730624999999
0 0.44230739375 0.7004584796875 0.4609584796875 0.7043328953125 0.4592827578125 0.7141281859374999 0.46978656562500004 0.715712171875 0.47052798593749995 0.7086598296875 0.4759239125 0.7097461015625 0.5124979984375 0.5635043328125 0.46455494062499997 0.551808440625 0.4281463921875 0.69667581875 0.432464034375 0.6980114125 0.43096376875000003 0.70706746875 0.44031214375000005 0.7086224578125 0.44230739375 0.7004584796875
0 0.3906496546875 0.689277840625 0.409300740625 0.6931522546875 0.40762501875 0.702947546875 0.418128490625 0.7045328796875 0.41887024687499996 0.697479190625 0.4242661734375 0.6985654609374999 0.460840259375 0.5523236953125 0.4128972015625 0.5406278015625 0.376488653125 0.6854951781249999 0.3808055375 0.686830584375 0.3793060296875 0.6958868296875 0.3886544046875 0.6974418171875 0.3906496546875 0.689277840625
0 0.33955712031249996 0.677105878125 0.3582082078125 0.6809802921875 0.35653324375 0.6907757734375 0.36703629375 0.6923595687499999 0.3677777125 0.685307228125 0.373173640625 0.6863934984375 0.4097480625 0.5401503859375001 0.36180466718750004 0.5284558390625 0.3253968765625 0.6733234046875001 0.3297140984375 0.6746574625 0.32821425312499997 0.68371505625 0.33756187187500003 0.6852698562499999 0.33955712031249996 0.677105878125
1 0.66824935625 0.9643605859375001 0.8534207328125 0.21793272031250002 0.4374009359375 0.117757228125 0.24654812499999998 0.8492145499999999 0.66824935625 0.9643605859375001