0 0.676173 0.415507609375 0.6826368890625 0.41434830468749995 0.6856263031250001 0.4263381953125 0.6970926390625001 0.42387724843749996 0.695377940625 0.4148589109375 0.71256596875 0.4096730984375 0.715463146875 0.417705240625 0.72398069375 0.41597950937499995 0.722137609375 0.4041017390625 0.727577946875 0.40243469374999996 0.692831153125 0.258422653125 0.642002971875 0.27032115 0.676173 0.415507609375
0 0.6284936437499999 0.42875524374999996 0.6319093875 0.42790360312500003 0.63419529375 0.437611171875 0.6446248375 0.434808965625 0.642909803125 0.42578928125 0.6610295625 0.41968695 0.6629953453125 0.428636959375 0.6737013875 0.42632692656250004 0.67175215625 0.41796968593750006 0.6753498484375 0.4173117265625 0.64021676875 0.2726287625 0.59263044375 0.2824550421875 0.6284936437499999 0.42875524374999996
0 0.57870258125 0.440744421875 0.5821175671875001 0.43989297031249996 0.58440423125 0.44960035 0.594833775 0.44679814375 0.593118740625 0.43777845937500004 0.611237740625 0.43167631718750005 0.6132042828125 0.44062613749999996 0.623910325 0.43831610468750004 0.62196109375 0.4299588640625 0.6255587859375 0.42930090468750004 0.59042570625 0.284617940625 0.5428393812500001 0.2944442203125 0.57870258125 0.440744421875
0 0.5285604765625 0.4518649453125 0.5319754624999999 0.45101349375 0.5342621249999999 0.4607208734375 0.54469166875 0.4579186671875 0.542976634375 0.44889898125 0.5610956359375 0.4427968390625 0.5630621765625 0.451746659375 0.57376821875 0.44943662656249994 0.5718189890625001 0.44107938750000003 0.5754166796875 0.4404214265625 0.5402836 0.2957384640625 0.492697275 0.30556474218749996 0.5285604765625 0.4518649453125
0 0.477469225 0.46427133749999994 0.48088496875000003 0.46341969687500006 0.4831705390625 0.47312591875 0.49360008281249995 0.47032371093750003 0.491885384375 0.46130537499999996 0.5100051437500001 0.4552030421875 0.511970590625 0.4641517046875 0.52267696875 0.46184301874999995 0.5207277375 0.45348577968750003 0.5243254296875001 0.45282782031249996 0.4891920140625 0.308143509375 0.4416056890625 0.3179697875 0.477469225 0.46427133749999994
0 0.42792684843749995 0.4794506703125 0.43134259375 0.4785990296875 0.43362816249999997 0.48830524999999997 0.44405770625 0.48550304375 0.4423430078125 0.47648470625000006 0.46046200937500004 0.47038256250000005 0.46242821406249995 0.4793310375 0.4731345921875 0.4770223515625 0.47118536093749996 0.4686651125 0.474783053125 0.46800715156250006 0.43964963749999997 0.323322840625 0.39206331250000004 0.3331491203125 0.42792684843749995 0.4794506703125
0 0.3780554859375 0.48884755 0.381470471875 0.48799609843749997 0.3837568 0.4977021296875 0.3941866796875 0.494901271875 0.3924716453125 0.4858815859375 0.4105906453125 0.47977944375000003 0.4125568515625 0.488727915625 0.42326322968749996 0.48641923125000003 0.4213139984375 0.4780619921875 0.424911690625 0.47740403125 0.389778275 0.33271972031249997 0.3421911921875 0.3425461875 0.3780554859375 0.48884755
0 0.34063852968749997 0.3333800953125 0.34405351562500003 0.33252864375 0.346339421875 0.3422362109375 0.3567697234375 0.33943381562499997 0.35505468906250004 0.3304141296875 0.37317368906250004 0.3243119875 0.37514023124999996 0.3332618078125 0.38584551562499997 0.3309519640625 0.383896284375 0.32259472499999997 0.3874939765625 0.3219367640625 0.3534692234375 0.1819315671875 0.306384171875 0.19263485 0.34063852968749997 0.3333800953125
0 0.3895645015625 0.32159945 0.39298024531250003 0.32074780937499997 0.3952661515625 0.33045537812500003 0.40569569375 0.327653171875 0.403980659375 0.3186334875 0.42210041875000004 0.31253115625 0.4240662015625 0.321481165625 0.43477224375 0.3191711328125 0.4328230125 0.3108138921875 0.43642070468750005 0.3101559328125 0.40239628749999995 0.1701520828125 0.35531014375000003 0.18085420624999998 0.3895645015625 0.32159945
0 0.440278696875 0.309372953125 0.4436936828125 0.30852150156249997 0.4459795890625 0.31822906875 0.45640913125000004 0.3154268640625 0.45469409687500006 0.306407178125 0.47281385625 0.3003048453125 0.4747796390625 0.30925485468749997 0.48548568281250004 0.30694482343749996 0.48353645156249997 0.29858758281250003 0.4871341421875 0.297929621875 0.453109725 0.1579257734375 0.406024675 0.1686290546875 0.440278696875 0.309372953125
0 0.48928546562499997 0.294871096875 0.4927004515625 0.2940196453125 0.49498711562500003 0.3037270234375 0.505416659375 0.30092481875 0.5037016249999999 0.2919051328125 0.5218206249999999 0.28580299062500003 0.5237871671875001 0.29475281249999996 0.534493209375 0.2924427796875 0.532543978125 0.2840855390625 0.5361416703125 0.2834275796875 0.502116159375 0.1434225703125 0.45503110781249995 0.1541258515625 0.48928546562499997 0.294871096875
0 0.5385692328125 0.28300124531250004 0.5419842203125 0.28214979375000004 0.5442701249999999 0.29185736093750003 0.5547004265625 0.2890549671875 0.5529853921875 0.28003528125 0.57110439375 0.2739331390625 0.573070934375 0.282882959375 0.5837769765624999 0.2805729265625 0.5818269875000001 0.2722158765625 0.5854246796875 0.271557915625 0.5514002625 0.131554065625 0.5043148765625001 0.142256 0.5385692328125 0.28300124531250004
0 0.59047404375 0.2725047671875 0.5938890296875 0.271653315625 0.5961749359375 0.2813608828125 0.6066044796875001 0.278558678125 0.6048894453125 0.2695389921875 0.623009203125 0.263436659375 0.6249749859375 0.27238666875 0.6356810296875001 0.2700766375 0.6337317984374999 0.261719396875 0.637329490625 0.2610614359375 0.6033050734375001 0.1210575875 0.5562196859374999 0.131759521875 0.59047404375 0.2725047671875
0 0.64045920625 0.26040278125 0.6438741921875 0.2595513296875 0.6461600984375 0.269258896875 0.6565896421875 0.2664566921875 0.6548753656249999 0.2574368171875 0.6729943656249999 0.2513346734375 0.6749598140625 0.2602833375 0.6856661921875 0.2579746515625 0.6837169609375 0.2496174109375 0.687314653125 0.24895945 0.6532899 0.1089542546875 0.60620485 0.11965753593749999 0.64045920625 0.26040278125
1 0.8668532453125 0.8265415140625001 0.67918361875 0.0839185515625 0.26550105625 0.18694811718749998 0.44143115312500003 0.9243161453125 0.8668532453125 0.8265415140625001