0 0.2811356078125 0.3604533671875 0.2676971875 0.3620881546875 0.2691633375 0.372520353125 0.25041897031250004 0.375914878125 0.2479749046875 0.363593446875 0.23757337343749999 0.3655616046875 0.23917880625 0.378000896875 0.234501959375 0.37815186875 0.2561589640625 0.5237113140625 0.306199621875 0.5165074484375001 0.2855333828125 0.36945951718750003 0.28239272187500003 0.3704086265625 0.2811356078125 0.3604533671875
0 0.333180253125 0.35003375000000003 0.319741834375 0.35166853593749997 0.32120798437500003 0.362100734375 0.30246361718750003 0.3654952609375 0.30002032500000003 0.353173721875 0.28961801875000004 0.3551419859375 0.291224225 0.3675811703125 0.2865466046875 0.36773225 0.308225553125 0.5169169796875 0.35744135312499997 0.50930589375 0.3375789953125 0.359041165625 0.3344373671875 0.359989009375 0.333180253125 0.35003375000000003
0 0.3811329078125 0.33992975312499996 0.37182146562499996 0.3414978609375 0.373287615625 0.351930059375 0.354544021875 0.3553244765625 0.35209995625 0.34300304531250003 0.34169842500000003 0.34497120312499996 0.3433038578125 0.3574104953125 0.3386270109375 0.357561465625 0.35951272031250003 0.5052054874999999 0.408345334375 0.49809005468749995 0.3878344796875 0.3501324796875 0.383331875 0.350512821875 0.3811329078125 0.33992975312499996
0 0.432654296875 0.3328768359375 0.42334362812500004 0.3344448328125 0.42480977812500004 0.34487703281250004 0.40606541093750004 0.3482715578125 0.4036213453125 0.3359501265625 0.3932198140625 0.33791828281249997 0.394825246875 0.3503575765625 0.3901483984375 0.350508546875 0.41103430156250004 0.49815394375000005 0.4598667234375 0.4910371359375 0.43935586718749997 0.3430795609375 0.4348532625 0.34345990312499997 0.432654296875 0.3328768359375
0 0.484175215625 0.3268366140625 0.4748647390625 0.3284059890625 0.4763308890625 0.3388381875 0.457586521875 0.3422327125 0.45514322968750004 0.3299111734375 0.44474092499999995 0.3318794390625 0.44634713125000003 0.3443186234375 0.44166951093750006 0.344469703125 0.4625552203125 0.492113725 0.511388415625 0.48499680625 0.49087775312500004 0.33704060625 0.48637495468749997 0.337419575 0.484175215625 0.3268366140625
0 0.5346149140625001 0.3191769453125 0.5253042453125001 0.3207449421875 0.5267703953125 0.33117714062500003 0.508026028125 0.3345716671875 0.5055827359375 0.322250128125 0.49518043125 0.32421839218750004 0.49678663749999996 0.3366575765625 0.4921090171875 0.33680865625 0.5129947265625 0.484452678125 0.5618281140625 0.4773371359375 0.541317259375 0.3293795609375 0.5368136875 0.3297586375 0.5346149140625001 0.3191769453125
0 0.585333378125 0.30843739375 0.576022709375 0.310005390625 0.577488859375 0.320437590625 0.5587444921875 0.323832115625 0.5563011999999999 0.311510578125 0.54589889375 0.31347884062500003 0.5475051 0.325918025 0.5428274796875 0.3260691046875 0.5637131890625 0.4737131265625 0.612546578125 0.466597584375 0.5920357218750001 0.31864000937500003 0.5875329234375 0.3190189765625 0.585333378125 0.30843739375
0 0.6090594640625 0.470571571875 0.599810065625 0.472631665625 0.6010183812500001 0.48094860781250004 0.5822740140625 0.48434313125 0.5801575609375 0.47463346875 0.569826003125 0.47709951093749997 0.5717806171875 0.48391744374999995 0.5663704828125 0.48493024531250006 0.5872429046875001 0.63422551875 0.6360761 0.6271086015625 0.61556524375 0.47915102656249997 0.611061865625 0.479531478125 0.6090594640625 0.470571571875
0 0.5585172046875 0.47887679843750003 0.54926703125 0.4809370015625 0.550476121875 0.4892538328125 0.5317317546875 0.49264835937499996 0.5296153015625 0.48293869687499996 0.51928355 0.48540336249999994 0.5212381640625 0.49222129531250003 0.51582745 0.49323558125 0.5367004515625 0.6425293703125 0.5855328734375 0.6354125609375 0.5650222109375 0.48745636093750006 0.5605194124999999 0.4878353296875 0.5585172046875 0.47887679843750003
0 0.5077999281250001 0.48695276249999997 0.4985505296875 0.48901285781250003 0.49975884531250003 0.49732979843749997 0.481014478125 0.5007243234375001 0.478898025 0.4910146609375 0.468566275 0.49347932656250004 0.47052088750000004 0.500297259375 0.465110946875 0.5013114359374999 0.485983175 0.650605334375 0.5348163703125 0.6434884171874999 0.5143049343749999 0.4955323265625 0.5098021375 0.49591129375 0.5077999281250001 0.48695276249999997
0 0.4564200859375 0.49436166875 0.44716991406249995 0.496421871875 0.44837822968749996 0.5047388125000001 0.42963386249999996 0.5081333375 0.4275181828125 0.4984235671875 0.41718565781250005 0.500888340625 0.419140271875 0.5077062734375 0.41373033125 0.5087204515625 0.43460255937500003 0.65801435 0.4834357546875 0.65089743125 0.4629250921875 0.50294123125 0.4584222953125 0.5033201984375 0.4564200859375 0.49436166875
0 0.40434084062500003 0.49984220312499994 0.3950914421875 0.5019022953125 0.3962997578125 0.5102192375 0.377555390625 0.5136137625 0.37543893906250003 0.5039041 0.3651071875 0.5063687640625 0.3670618 0.513186696875 0.361651859375 0.514200875 0.3825240890625 0.6634947734375001 0.4313574765625 0.6563792312500001 0.4108466203125 0.5084216546875 0.40634305 0.5088007328125 0.40434084062500003 0.49984220312499994
0 0.35275154375 0.5118401953125 0.343501371875 0.5139003984375 0.34470968750000003 0.5222173406249999 0.32596532031250003 0.525611865625 0.3238496421875 0.5159020937500001 0.3135171171875 0.51836686875 0.3154725046875 0.5251846921875 0.310061790625 0.5261989781249999 0.3309347921875 0.6754927687500001 0.37976740625 0.6683773359375 0.35925655 0.520419759375 0.354753753125 0.5207987265625 0.35275154375 0.5118401953125
0 0.3019644875 0.5194196515625 0.292714121875 0.5214784781249999 0.2939234046875 0.5297966875 0.27517884531250003 0.5331898359375 0.2730625859375 0.5234815484374999 0.262730834375 0.5259462140625 0.26468544843749997 0.5327641468750001 0.259274540625 0.5337770578125001 0.28014773593750003 0.6830722234375 0.3289801578125 0.6759554156250001 0.30846949375 0.5279992140624999 0.303966696875 0.52837818125 0.3019644875 0.5194196515625
1 0.7001409453125 0.8370481156249999 0.6030762390625 0.08280696562499999 0.1687790171875 0.13068204218749999 0.27867333906249997 0.8944105375 0.7001409453125 0.8370481156249999