0 0.27350630625 0.3378878375 0.26156874375 0.3377438203125 0.2622943734375 0.35074153125 0.24120486875 0.3509116859375 0.2404104203125 0.3395505390625 0.23144075000000003 0.3398505734375 0.2315511953125 0.349303396875 0.22625553437499998 0.3496737046875 0.236537703125 0.49933630625000003 0.2898097953125 0.4975687046875 0.279686515625 0.350178334375 0.2743688640625 0.35022299375 0.27350630625 0.3378878375
0 0.3367835796875 0.3312980640625 0.3248460171875 0.33115404531250003 0.325571646875 0.3441517578125 0.3044821421875 0.3443219125 0.303687596875 0.3329593796875 0.29471724374999997 0.3332608546875 0.29482769062499997 0.34271367656249996 0.29062219843750003 0.343868184375 0.2998141 0.49274520156249996 0.35207720625 0.4906040171875 0.3429636921875 0.343587175 0.3376461375 0.3436332203125 0.3367835796875 0.3312980640625
0 0.393483959375 0.3329969828125 0.381546396875 0.332852965625 0.38227202656250003 0.34585067812500003 0.36118242500000003 0.346019446875 0.3603879765625 0.33465829999999996 0.3514176234375 0.334959775 0.351528753125 0.34441115624999996 0.346233090625 0.344781465625 0.356515259375 0.4944440671875 0.4097873515625 0.49267646562499995 0.399664071875 0.34528609375 0.39434651718749997 0.345332140625 0.393483959375 0.3329969828125
0 0.45520597812499997 0.33303879687500004 0.44326919374999996 0.332894725 0.44399482343749996 0.3458924359375 0.4229053203125 0.346062590625 0.422110871875 0.3347014453125 0.413140421875 0.335001534375 0.4132508671875 0.34445435625 0.40795520625000004 0.3448246640625 0.4148425640625 0.4933922421875 0.46647020625 0.494348765625 0.46138696562500003 0.3453292390625 0.4560686328125 0.3453753390625 0.45520597812499997 0.33303879687500004
0 0.5112934703125 0.3259730078125 0.4993566859375 0.3258289359375 0.500082315625 0.3388266484375 0.47899281250000003 0.338996803125 0.47819836406249994 0.32763565625 0.4692279140625 0.32793574531249997 0.469338359375 0.3373885671875 0.4640434765625 0.337758821875 0.47318092656250005 0.49322652656250004 0.52560931875 0.4898875625 0.5174744578125 0.33826345 0.5121560281249999 0.338308165625 0.5112934703125 0.3259730078125
0 0.567898646875 0.323174559375 0.5591105640625 0.3234618953125 0.5598370015625 0.33385041718749997 0.5375844046875 0.3331231296875 0.5368352984375 0.3224104 0.52640445 0.322814003125 0.5263997609375 0.33325225625 0.5224284453125 0.3341829375 0.5296291484375 0.484386809375 0.5809155328125 0.48308385468750004 0.574171125 0.33415264375 0.568670425 0.33421149687499996 0.567898646875 0.323174559375
0 0.623498384375 0.32320034531249997 0.6101457640625 0.3238082578125 0.6113511640625 0.33579364843750004 0.59089954375 0.3372237640625 0.5908814640625 0.3264599171875 0.581248971875 0.32778646562499997 0.583001475 0.3397335984375 0.577500678125 0.339791065625 0.5860484234375 0.48827038125 0.6381574234375 0.48560533906250003 0.62924575 0.3345423359375 0.624338271875 0.3352112953125 0.623498384375 0.32320034531249997
0 0.2866355265625 0.5033458703125 0.2746987421875 0.5032017984375 0.2754235921875 0.5161995640625 0.2543340890625 0.5163697203125001 0.253539640625 0.5050085734375 0.2445699703125 0.5053086078125 0.24468041562499998 0.5147614296875 0.23938475312500002 0.5151317390625 0.24966692343750002 0.6647943390625 0.3029390140625 0.6630267375 0.2928165140625 0.5156363109375001 0.28749818125000004 0.5156824125 0.2866355265625 0.5033458703125
0 0.634781446875 0.49305620625 0.6228438828125 0.4929121890625 0.6235695125 0.5059099015624999 0.602480009375 0.50608005625 0.6016855609375 0.49471890937499996 0.5927151109375 0.4950189984375 0.5928263359375 0.504471765625 0.5875306734375 0.504842075 0.59781284375 0.654504675 0.651084934375 0.652737075 0.6409616546875 0.5053467031250001 0.6356441015625001 0.5053927500000001 0.634781446875 0.49305620625
0 0.577447765625 0.4979578203125 0.565510203125 0.497813803125 0.5662358328125 0.5108115140625 0.5451463296875 0.5109816687500001 0.5443517828125 0.49961913750000003 0.53538143125 0.4999206125 0.5354918765625001 0.5093734343749999 0.53019699375 0.5097436890625 0.5404782875 0.6594049578125001 0.5937511578125 0.657637303125 0.5836278781249999 0.51024693125 0.578310325 0.5102929765625001 0.577447765625 0.4979578203125
0 0.5175248671875 0.5061731203125001 0.5055873046875 0.506029103125 0.506312934375 0.5190268125 0.48522342968750004 0.51919696875 0.48442898124999995 0.5078358234375 0.47545853125 0.5081359125 0.475568978125 0.5175887343750001 0.4702740953125 0.5179589890625 0.48055548437500006 0.6676216421875 0.53382835625 0.6658539875 0.5237050765625 0.518463615625 0.518387521875 0.5185096625 0.5175248671875 0.5061731203125001
0 0.40413907812499994 0.5112323375 0.3922023921875 0.5110896515625 0.392927925 0.524085975 0.371837640625 0.524256184375 0.37104319218750004 0.512895040625 0.36207361875 0.513196459375 0.36218396875000003 0.522647896875 0.35688830625 0.52301820625 0.367170475 0.6726808046875 0.42044256718749995 0.670913203125 0.4103200671875 0.523522778125 0.40500173281249996 0.5235688781250001 0.40413907812499994 0.5112323375
0 0.462726196875 0.5099089484375 0.4507894140625 0.5097648765625 0.45151504375 0.5227625875 0.4304246640625 0.5229314125 0.42963021562500003 0.511570265625 0.4206606421875 0.5118716859375 0.420770990625 0.521323121875 0.415475328125 0.52169343125 0.42494482187499993 0.674741803125 0.47415503281250004 0.6725537421875 0.46890708906249995 0.5221980046875 0.46358875624999996 0.52224410625 0.462726196875 0.5099089484375
0 0.34754381093750003 0.506993509375 0.339165115625 0.506650753125 0.3399186796875 0.5174272171875 0.3194610890625 0.5135977140625 0.3192488578125 0.503092484375 0.306151065625 0.502461546875 0.30543282031249996 0.5121031921875 0.3012111625 0.5114697484375 0.30340464218749996 0.6623161359374999 0.35397646250000003 0.6686803171875 0.3538823265625 0.51799760625 0.3485142578125 0.515898896875 0.34754381093750003 0.506993509375
1 0.67523705 0.8493855 0.631983784375 0.0912085921875 0.196093296875 0.110531290625 0.25183451875 0.8777535593750001 0.67523705 0.8493855