0 0.32791328124999997 0.52396805625 0.32840156249999997 0.54391944375 0.33425703125 0.5456555562500001 0.33132890625 0.583825 0.32498593750000004 0.583825 0.32498593750000004 0.6055125 0.329865625 0.60985 0.32840156249999997 0.618525 0.42453046875 0.637609721875 0.43185 0.53524444375 0.33767265625 0.5118222218749999 0.33572109375000003 0.52396805625 0.32791328124999997 0.52396805625
0 0.5260281250000001 0.2264166671875 0.5255398437500001 0.2108013890625 0.51773203125 0.21166944375000002 0.51919609375 0.22988611093750003 0.49382187499999997 0.23335694375 0.4918703125 0.21774166718750002 0.48162265625 0.22121111093749998 0.48308671875 0.23682638906250003 0.47527968749999994 0.2411638890625 0.49138203125 0.4051208328125 0.54847421875 0.391240278125 0.5343234375 0.22294583281250002 0.5260281250000001 0.2264166671875
0 0.46844765625000007 0.555197221875 0.47430312499999994 0.5456555562500001 0.49040625000000004 0.581222221875 0.48503828125000004 0.5881624999999999 0.4923578125 0.5977041671875 0.49772578125000005 0.590765278125 0.5050453125 0.60464444375 0.57628828125 0.49534027812500003 0.53871484375 0.41986805625 0.46503203125 0.524834721875 0.46796015625000004 0.533509721875 0.46161640625 0.54131805625 0.46844765625000007 0.555197221875
0 0.65289921875 0.57515 0.6568031249999999 0.563872221875 0.64655546875 0.550859721875 0.64460390625 0.566475 0.62362109375 0.53958194375 0.6260609374999999 0.5274375 0.6187414062500001 0.51963055625 0.61727734375 0.53090694375 0.61044609375 0.5231 0.5621375 0.663634721875 0.6065421875 0.7139486109375001 0.6558265624999999 0.57861944375 0.65289921875 0.57515
0 0.3020515625 0.2402958328125 0.310346875 0.24203194374999998 0.30400312500000004 0.2871416671875 0.2961953125 0.28540555625 0.29375546875 0.3018888890625 0.3025390625 0.3044916671875 0.3020515625 0.31576805625 0.3937890625 0.34613055625 0.40501250000000005 0.2489708328125 0.31278671875 0.21513888906249998 0.3118109375 0.2255486109375 0.30351484375000004 0.22207916718749998 0.3020515625 0.2402958328125
0 0.4694234375 0.508352778125 0.47137578125 0.497075 0.46503203125 0.49100277812500004 0.47479140624999994 0.4493625 0.47967109375000005 0.4528333328125 0.48162265625 0.4354833328125 0.47820703125 0.4337486109375 0.47723125 0.4224708328125 0.38646953125 0.36868611093750003 0.3713421875 0.46064027812499997 0.46161640625 0.516159721875 0.46259218750000003 0.50661805625 0.4694234375 0.508352778125
0 0.28497265625 0.68271944375 0.28497265625 0.6714416671875 0.30449140625000004 0.6688388890625 0.30790703124999996 0.6801166671875001 0.317178125 0.6801166671875001 0.317178125 0.6714416671875 0.323521875 0.6688388890625 0.31668984375 0.50488194375 0.26106171875 0.51095555625 0.26740546875 0.6740444437499999 0.27374921875 0.6731763890625 0.27374921875 0.6835861109375 0.28497265625 0.68271944375
0 0.40940390625 0.77380694375 0.4137953125 0.7659986109375 0.43233828125 0.7807458328125 0.4298984375 0.7920236109375 0.4362421875 0.7989638890624999 0.44160937499999997 0.7885541671875 0.44844140625 0.7946263890624999 0.493334375 0.6540916671875 0.43916953124999997 0.612452778125 0.39818046875 0.7512513890625 0.40452421875000005 0.7538541671875 0.402084375 0.7659986109375 0.40940390625 0.77380694375
0 0.6489953125000001 0.524834721875 0.64460390625 0.517027778125 0.6602187500000001 0.4840625 0.6650984375 0.48926805624999997 0.67241796875 0.47625555625000005 0.66802578125 0.468447221875 0.67241796875 0.45977222187500005 0.60215078125 0.3582763890625 0.5675046874999999 0.4311458328125 0.63484453125 0.537847221875 0.6387484375 0.5283055562500001 0.64460390625 0.534377778125 0.6489953125000001 0.524834721875
0 0.5474984375 0.6601638890625 0.54359453125 0.672309721875 0.5489625 0.6801166671875001 0.53725078125 0.7165513890625 0.5328593749999999 0.7104791671874999 0.5260281250000001 0.7278291671875 0.53041953125 0.7347694437500001 0.52749140625 0.7399736109374999 0.6045906249999999 0.8232541671875 0.6328921875 0.74344444375 0.5577453125 0.6627666671875 0.5538421875 0.6714416671875 0.5474984375 0.6601638890625
0 0.2742375 0.50228055625 0.27082109375 0.494472221875 0.2922921875 0.4788583328125 0.29521953125 0.49013472187499996 0.3054671875 0.481459721875 0.301075 0.47538749999999996 0.30839453125 0.46758055625 0.27179765625 0.3131666671875 0.21860859375000002 0.35046805625 0.25715859375 0.503147221875 0.26398984375 0.497075 0.26642968749999996 0.50488194375 0.2742375 0.50228055625
1 0.20706562499999998 0.03398055625 0.212640625 0.8707388890625 0.67694609375 0.8707388890625 0.6912812500000001 0.0368111109375 0.20706562499999998 0.03398055625