0 0.30488515625 0.24537638906249998 0.3053859375 0.2395861109375 0.32809921875 0.24155555624999997 0.32809921875 0.249675 0.3346953125 0.25027499999999997 0.3346953125 0.2422583328125 0.33794609375 0.24194444375000002 0.34215625 0.0896 0.291440625 0.08621944375 0.28953828125 0.23667638906250002 0.29336171875 0.23780416718750003 0.2931109375 0.24493055625000001 0.30488515625 0.24537638906249998
0 0.356821875 0.24908194374999998 0.35732265625 0.24329305625000003 0.38003593750000003 0.2452625 0.38003593750000003 0.25338194375 0.38663203125 0.25398194375 0.38663203125 0.245965278125 0.3898828125 0.2456513890625 0.39409296875 0.09330694375000001 0.3433765625 0.0899263890625 0.34147500000000003 0.24038333281250002 0.3452984375 0.24151111093750002 0.34504765625 0.24863749999999998 0.356821875 0.24908194374999998
0 0.41060468749999995 0.25661944375 0.41110546875000004 0.2508291671875 0.43381875000000003 0.2527986109375 0.43381875000000003 0.26091805625000003 0.44041484375 0.26151805625 0.44041484375 0.2535013890625 0.44366562500000006 0.2531875 0.44787578124999994 0.10084305625000001 0.39716015625 0.0974625 0.3952578125 0.24791944375 0.39908125 0.2490486109375 0.39883046875 0.2561736109375 0.41060468749999995 0.25661944375
0 0.30160078125 0.4074861109375 0.3021015625 0.401697221875 0.32481484374999997 0.40366527812499997 0.32481484374999997 0.4117861109375 0.33141171875 0.41238611093750005 0.33141171875 0.40436944375 0.33466171875 0.40405555625 0.338871875 0.2517111109375 0.28815625 0.24833055625 0.2862546875 0.39878749999999996 0.29007734375 0.399915278125 0.2898265625 0.4070416671875 0.30160078125 0.4074861109375
0 0.35476796875 0.4122875 0.35526953125 0.4064986109375 0.37798203125 0.4084666671875 0.37798203125 0.41658611093750003 0.38457890625 0.4171861109375 0.38457890625 0.4091708328125 0.3878296875 0.40885694375000003 0.39203984375 0.25651250000000003 0.3413234375 0.25313055625 0.339421875 0.4035875 0.34324453125 0.4047166671875 0.34299453125 0.4118416671875 0.35476796875 0.4122875
0 0.4060890625 0.421465278125 0.40659062500000004 0.41567499999999996 0.429303125 0.41764444375 0.429303125 0.42576388906249996 0.4359 0.4263638890625 0.4359 0.41834722187500006 0.43915078125000007 0.4180333328125 0.44336093749999994 0.265690278125 0.39264453125 0.2623083328125 0.39074296875000003 0.412765278125 0.394565625 0.41389444375 0.394315625 0.42101944375 0.4060890625 0.421465278125
0 0.462278125 0.2620416671875 0.4627796875 0.2562513890625 0.48549218749999995 0.2582208328125 0.48549218749999995 0.266340278125 0.4920890625 0.266940278125 0.4920890625 0.2589236109375 0.49533984374999995 0.258609721875 0.49954921875 0.106265278125 0.44883359375 0.102884721875 0.44693203125 0.2533416671875 0.45075468750000003 0.2544708328125 0.45050468749999995 0.2615958328125 0.462278125 0.2620416671875
0 0.45958203124999997 0.42696249999999997 0.46008281249999994 0.4211736109375 0.48279609375000004 0.4231416671875 0.48279609375000004 0.4312625 0.4893921875 0.4318625 0.4893921875 0.4238458328125 0.49264296874999997 0.42353194375000003 0.496853125 0.2711875 0.4461375 0.26780694375 0.44423515625 0.4182638890625 0.44805859375 0.4193916671875 0.44780781249999996 0.42651805625000005 0.45958203124999997 0.42696249999999997
0 0.5157070312500001 0.27131111093750004 0.5162078125 0.2655208328125 0.53892109375 0.26749027812500004 0.53892109375 0.275609721875 0.54551796875 0.27620972187500004 0.54551796875 0.26819305625 0.54876796875 0.2678791671875 0.552978125 0.115534721875 0.5022625 0.1121541671875 0.5003609375 0.2626111109375 0.50418359375 0.263740278125 0.5039328125 0.270865278125 0.5157070312500001 0.27131111093750004
0 0.56749296875 0.2733736109375 0.5679937500000001 0.267584721875 0.59070703125 0.2695541671875 0.59070703125 0.2776736109375 0.59730390625 0.2782736109375 0.59730390625 0.27025694375 0.6005539062499999 0.26994305625 0.6047640624999999 0.11759861093749999 0.5540484375 0.11421805625 0.552146875 0.264675 0.5559695312499999 0.26580277812499997 0.55571875 0.2729291671875 0.56749296875 0.2733736109375
0 0.62024296875 0.28058055625 0.62074453125 0.274790278125 0.6434578125 0.27675972187500003 0.6434578125 0.2848791671875 0.6500539062499999 0.2854791671875 0.6500539062499999 0.2774625 0.6533046875 0.2771486109375 0.65751484375 0.12480416718750001 0.6067984375 0.12142361093750001 0.604896875 0.27188055625 0.60871953125 0.273009721875 0.60846953125 0.280134721875 0.62024296875 0.28058055625
0 0.5124390625 0.4335013890625 0.51293984375 0.4277125 0.535653125 0.42968055625 0.535653125 0.4378013890625 0.54224921875 0.4384013890625 0.54224921875 0.430384721875 0.5455 0.4300708328125 0.54971015625 0.2777263890625 0.49899453125 0.2743458328125 0.4970921875 0.424802778125 0.500915625 0.42593055625 0.50066484375 0.43305694375000003 0.5124390625 0.4335013890625
0 0.564225 0.435565278125 0.5647257812500001 0.42977499999999996 0.5874390625 0.43174444375 0.5874390625 0.43986388906249996 0.59403515625 0.4404638890625 0.59403515625 0.43244722187500007 0.5972859374999999 0.4321333328125 0.60149609375 0.279790278125 0.55078046875 0.2764083328125 0.548878125 0.426865278125 0.5527015625 0.42799444375 0.5524507812499999 0.43511944375 0.564225 0.435565278125
0 0.6160109375 0.43934305625 0.61651171875 0.433552778125 0.6392249999999999 0.435522221875 0.6392249999999999 0.44364166718750003 0.64582109375 0.44424166718749997 0.64582109375 0.43622500000000003 0.649071875 0.4359111109375 0.6532820312500001 0.2835666671875 0.60256640625 0.2801861109375 0.6006640625 0.43064305625 0.6044875000000001 0.43177222187500003 0.60423671875 0.438897221875 0.6160109375 0.43934305625
1 0.2583578125 0.0631208328125 0.239471875 0.8286250000000001 0.664025 0.8622 0.69499765625 0.11146805625 0.2583578125 0.0631208328125