0 0.7495432046875 0.1315150171875 0.744056890625 0.1310718890625 0.7452881296875 0.1240869921875 0.7347553484375 0.122715790625 0.7336654265625 0.1325934921875 0.7146689171875 0.13117688125 0.7150020390625 0.1227792265625 0.705587190625 0.121697215625 0.7045323703124999 0.1308159578125 0.7000146265625 0.13090973749999998 0.695081128125 0.2802007265625 0.7443907796875 0.282172809375 0.7495432046875 0.1315150171875
0 0.6970564484375 0.12968213906249998 0.691569353125 0.129238984375 0.692801371875 0.1222541140625 0.6822678109375 0.12088288437500001 0.68117866875 0.1307606140625 0.6621821609375 0.1293440046875 0.6625145015625 0.12094632187500001 0.6530996515624999 0.11986431093750001 0.6520448328125 0.128983053125 0.6475270890625 0.12907683125 0.642594371875 0.2783678484375 0.6919032421875 0.28033990468750003 0.6970564484375 0.12968213906249998
0 0.6451865031249999 0.1278708015625 0.6397001890625 0.12742767187499998 0.6409314265625 0.12044277656249999 0.630397865625 0.11907154687499999 0.6293087234375 0.128949275 0.610312215625 0.127532665625 0.6106445546875 0.11913498281249998 0.60122970625 0.118052971875 0.6001748874999999 0.1271717140625 0.59565714375 0.12726549375 0.5907244265625 0.276556509375 0.6400340765625 0.27852859375 0.6451865031249999 0.1278708015625
0 0.5920046421875 0.12821359999999998 0.586518328125 0.12777047187499999 0.587749565625 0.120785575 0.5772167859375 0.11941437343750001 0.5761268625 0.129292075 0.5571303546874999 0.12787546562500002 0.557463475 0.11947780937500001 0.5480486265625 0.1183957984375 0.5469938078125 0.127514540625 0.5424760640625 0.1276083203125 0.5375426140624999 0.276897921875 0.586852215625 0.27887139375 0.5920046421875 0.12821359999999998
0 0.53756923125 0.1290615703125 0.53208286875 0.12861982968750002 0.53331410625 0.12163493437499999 0.522781375 0.12026234375 0.521691453125 0.1301400453125 0.50269494375 0.12872343749999998 0.503027284375 0.120325753125 0.4936132171875 0.11924376875 0.4925583484375 0.1283639 0.48803987187500003 0.1284562625 0.4831071546875 0.2777472796875 0.5324167578125001 0.2797207515625 0.53756923125 0.1290615703125
0 0.48695366562500003 0.1267437015625 0.48146730312499997 0.12630196093749999 0.48269854062500006 0.1193170640625 0.4721649796875 0.11794583437499999 0.47107583750000004 0.1278235640625 0.45207932968750003 0.126406953125 0.45241171874999997 0.1180078828125 0.4429976015625 0.1169272875 0.44194278281250005 0.1260460296875 0.4374242578125 0.12613978125 0.4324915890625 0.275429409375 0.481801190625 0.27740288125 0.48695366562500003 0.1267437015625
0 0.4356245828125 0.12715120156249998 0.43013821874999997 0.1267094609375 0.4313694578125 0.11972456406250001 0.42083667656249996 0.11835336249999999 0.41974680312499996 0.128229675 0.40075024687500005 0.1268144546875 0.40108263437499997 0.1184153828125 0.39166851875 0.1173347875 0.3906136984375 0.1264535296875 0.386095221875 0.12654589375 0.3811625046875 0.275836909375 0.43047210781249995 0.27781038125 0.4356245828125 0.12715120156249998
0 0.74313375625 0.297372921875 0.7376466609375 0.296929765625 0.7388778984375 0.28994486875000003 0.72834511875 0.2885736671875 0.7272551953125 0.2984513703125 0.7082586875 0.29703476093750003 0.7085918078125 0.288637103125 0.699176959375 0.28755509218749997 0.698122140625 0.296673834375 0.693604396875 0.2967676140625 0.6886716796875 0.44605863125 0.7379805484374999 0.4480306875 0.74313375625 0.297372921875
0 0.6913022 0.29446225312499996 0.6858150562499999 0.2940204859375 0.687047075 0.28703561718750004 0.6765135140625 0.2856643875 0.6754244203125 0.2955407296875 0.6564278640625 0.2941255078125 0.6567602531250001 0.28572643593749997 0.6473453546875 0.2846458125 0.6462905359375 0.29376455468749996 0.6417728406250001 0.2938569453125 0.6368401234375 0.4431479625 0.6861489453125 0.44512140625 0.6913022 0.29446225312499996
0 0.6392005796875 0.2904428734375 0.6337134359375 0.29000110625 0.6349446734375 0.283016209375 0.6244118921874999 0.2816450078125 0.6233219703125 0.291522709375 0.6043254625000001 0.2901061 0.60465863125 0.2817070546875 0.595243734375 0.2806264328125 0.594188915625 0.289745175 0.589671171875 0.2898389546875 0.5847385015625 0.43912858281249995 0.6340473234374999 0.44110202656249997 0.6392005796875 0.2904428734375
0 0.5863079296875 0.29134610781250003 0.580821615625 0.2909029796875 0.5820528046875 0.283919471875 0.571520071875 0.28254688125 0.57043015 0.292424584375 0.5514336421875 0.2910079734375 0.5517667625 0.28261031718749996 0.5423519140625 0.28152830624999997 0.541297046875 0.2906484359375 0.5367793515625 0.290740828125 0.531845853125 0.4400318171875 0.5811554546875 0.4420052890625 0.5863079296875 0.29134610781250003
0 0.534670440625 0.2917428375 0.529184125 0.291299709375 0.530415315625 0.2843162015625 0.519881803125 0.282943584375 0.5187926609375 0.2928213140625 0.499796153125 0.2914047046875 0.5001284921875 0.2830070203125 0.49071364375000004 0.281925009375 0.48965960468749997 0.29104377812500004 0.48514108125 0.29113753125 0.4802083640625 0.4404285484375 0.5295180140625 0.4424006328125 0.534670440625 0.2917428375
0 0.4819320328125 0.28825155625 0.47644571718749995 0.287808428125 0.47767695625 0.28082353125 0.4671433953125 0.2794523015625 0.466054253125 0.2893300328125 0.44705774531250003 0.2879134234375 0.447390084375 0.2795157390625 0.4379752359375 0.278433728125 0.4369204171875 0.2875524703125 0.4324026734375 0.28764624843750003 0.42746995625000006 0.436937265625 0.47677960625000004 0.43890934843749996 0.4819320328125 0.28825155625
0 0.4294636890625 0.2858689859375 0.42397737500000005 0.2854258578125 0.4252085640625 0.27844235 0.41467583281250003 0.277069759375 0.41358591093749997 0.28694746250000003 0.3945894015625 0.285530853125 0.3949217421875 0.27713316875 0.3855076734375 0.276051184375 0.38445280625 0.28517131562500003 0.3799351109375 0.28526370624999997 0.3750016125 0.4345546953125 0.42431121562499996 0.4365281671875 0.4294636890625 0.2858689859375
1 0.7619815328125 0.8685564265625001 0.7897267859375 0.10000376250000001 0.352622996875 0.094452625 0.33446553125 0.8501806953125 0.7619815328125 0.8685564265625001